0.00
0.00
0.00
0.00
4.00
3.00
4.00
2.00
9.00
5.00
6.00
6.00
5.00
8.38
5.69
9.13
5.45
6.98
6.66
9.38
6.98
9.29
7.29
9.32
7.37
9.94
7.14
9.78
7.31
10.95
7.18
9.78
7.76
9.21
7.33
8.81
7.20
8.48
7.23
8.00
6.92
7.57
6.62
7.13
6.38
6.54
5.96
6.18
5.62
5.64
5.18
5.18
4.60
4.48
4.06
3.67
3.39
3.11
2.66
2.30
1.98
1.53
1.78
0.67
8
8
8
8
8
8
8
8
8
8
8
8
8
8
8
8
3
4
5
6
7
8
7
6
5
4
3
3
4
5
6
7
8
7
6
5
4
3
8
8
8
4
0
1
2
3
4
5
6
7
8
9
10
11
12
13
14
15
16
17
18
19
20
21
22
23
24
25
26
27
28
29
30
31
32
33
34
35
36
37
38
39
40
41
42
43
44
45
46
47
48
49
50
51
52
53
54
55
56
57
58
59
60
61
62
63
0
8
16
24
32
40
48
56
1
9
17
25
33
41
49
57
2
10
18
26
34
42
50
58
3
11
19
27
35
43
51
59
4
12
20
28
36
44
52
60
5
13
21
29
37
45
53
61
6
14
22
30
38
46
54
62
7
15
23
31
39
47
55
63
5
14
23
4
13
22
31
3
12
21
30
39
2
11
20
29
38
47
1
10
19
28
37
46
55
0
9
18
27
36
45
54
63
8
17
26
35
44
53
62
16
25
34
43
52
61
24
33
42
51
60
32
41
50
59
40
49
58
2
9
16
3
10
17
24
4
11
18
25
32
5
12
19
26
33
40
6
13
20
27
34
41
48
7
14
21
28
35
42
49
56
15
22
29
36
43
50
57
23
30
37
44
51
58
31
38
45
52
59
39
46
53
60
47
54
61
0
1
2
3
3
2
1
0
0
1
2
3
3
2
1
0
4
5
6
7
8
9
8
7
6
5
4
4
5
6
7
8
9
8
7
6
5
4
63
62
61
60
59
58
57
54
56
57
58
59
60
61
62
49
56
48
40
32
24
16
8
49
0
8
16
24
32
40
48
9
0
1
2
3
4
5
6
9
7
6
5
4
3
2
1
14
7
15
23
31
39
47
55
14
63
55
47
39
31
23
15
54
3
2
1
0
9
8
16
24
24
16
8
0
9
1
2
3
4
5
6
7
14
15
23
31
31
23
15
7
14
6
5
4
60
61
62
63
54
55
47
39
39
47
55
63
54
62
61
60
59
58
57
56
49
48
40
32
32
40
48
56
49
57
58
59
