0.0
0.01276300952746164
-0.01276300952746164
-0.15823529411764706
0.023968725677492395
-0.19230769230769232
0.15823529411764706
0.19230769230769232
-0.023968725677492395
0.03674540682414698
-0.09949879994352676
-0.11181456676433654
-0.25
-0.009009009009009009
-0.23068669527896996
-0.17307692307692307
0.25
-0.21334050313289069
-0.03674540682414698
0.11181456676433654
0.09949879994352676
0.17307692307692307
0.21334050313289069
-0.25
0.25
0.23068669527896996
0.009009009009009009
0
0
0
0
0.09217189986977282
0
0
0
0
0.25
0.09179042904290428
0.04131175468483816
0.25
0.13516618793598686
-0.19767441860465115
0.25
0
0.060077519379844964
0
0
0
0
0.18937768240343347
0
0.25
0.1840277777777778
0.08081896551724138
0
0
0
0
0
0
0
0
-0.09217189986977282
0
0
0
-0.25
-0.08081896551724138
-0.1840277777777778
0
0
-0.18937768240343347
-0.25
-0.04131175468483816
-0.09179042904290428
-0.25
-0.060077519379844964
0
-0.25
0.19767441860465115
-0.13516618793598686
-0.09302325581395349
-0.024545454545454544
0.032544026653974295
-0.19827586206896552
-0.15273556231003038
-0.20348837209302326
-0.2
-0.25
-0.09519492293744333
-0.25
0.007763975155279503
-0.17083333333333334
-0.2324561403508772
0.10431654676258993
-0.22777777777777777
0
0.25
-0.16206896551724137
0.12692307692307692
0.1984126984126984
0.08255813953488372
0
0.21396396396396397
0
0
0.25
0.07894736842105263
0
0
0
0
0.1075883575883576
0
0
0
0
0.25
-0.04291044776119403
0.25
0
0.14251129761136216
0
0.25
0.140625
0.06845238095238096
0
0
0
0
0.16875
0
0.25
0.10227272727272728
0.05357142857142857
0
0
0
0
0
0
0
0
-0.196875
0
0.1795774647887324
0
-0.25
-0.16578947368421051
-0.15654205607476634
-0.25
0.12037037037037036
-0.2078690807799443
-0.25
0
-0.10927152317880795
-0.25
0.19021739130434784
0
0
-0.25
-0.22557997557997558
0.09302325581395349
-0.032544026653974295
0.024545454545454544
0.2
0.09519492293744333
0.25
0.19827586206896552
0.20348837209302326
0.15273556231003038
-0.12692307692307692
-0.08255813953488372
-0.1984126984126984
0
-0.07894736842105263
-0.25
0
0
-0.21396396396396397
0.25
0.17083333333333334
-0.007763975155279503
0
0.16206896551724137
-0.25
0.2324561403508772
0.22777777777777777
-0.10431654676258993
0
0
0
0
0.196875
0
0
0
0
0.25
0.10927152317880795
0
0
0.22557997557997558
0.25
0.25
0
-0.19021739130434784
0
0
-0.1795774647887324
0.25
0.2078690807799443
-0.12037037037037036
0.25
0.15654205607476634
0.16578947368421051
0
0
0
0
0
0
0
0
-0.1075883575883576
0
0
0
-0.25
-0.05357142857142857
-0.10227272727272728
0
0
-0.16875
-0.25
-0.25
0.04291044776119403
-0.25
-0.06845238095238096
-0.140625
0
0
-0.14251129761136216
0.003737909703566929
-0.00577943946572293
0.02141548558544049
0.16111111111111112
0.03899596957680557
-0.20876288659793815
0.16102620087336245
0.06958250497017893
-0.00601664177512268
-0.05225173210161663
-0.0842339478703115
0.00781321392671114
-0.1323529411764706
0.057692307692307696
-0.17597765363128492
-0.25
0.13414634146341464
-0.09925279548542168
0.0894904458598726
0.07297836724182333
0.05744855353414852
0.19444444444444445
0.1420896204846822
-0.2
0.14251207729468598
0.10618279569892473
0.04610344827586207
0
0
0
0
0.05475330926594465
0
0
0
0
0.1062992125984252
0.08563651591289782
0.12180616740088106
0.25
0.07491193306913255
-0.03865979381443299
0.1590909090909091
0.19615384615384615
0.021560236998025017
0
0
0
0
0.16598360655737704
0
0.25
0.16925465838509315
0.14302884615384615
0
0
0
0
0
0
0
0
-0.11954680220245659
0
-0.1875
0
-0.25
-0.11190476190476191
-0.17296747967479675
0
-0.11363636363636363
-0.1874551971326165
-0.10096153846153846
-0.10424528301886793
-0.1294425087108014
-0.16666666666666666
0.05559701492537313
-0.22247706422018348
-0.25
-0.15
-0.13990935114503816
0.024204559745602847
0.04695709281961471
0.04335438077965115
0.0262379896526238
0.06567065386979339
-0.056372549019607844
0.16938775510204082
0.23529411764705882
-0.005825037068417708
-0.018574573472757292
0.03214782205746061
-0.04000870184320861
-0.1510989010989011
-0.00712202781516375
-0.14042357274401474
0.18602896801448401
0.23412698412698413
-0.07377492193129954
0.19861222847948512
0.043251833740831296
0.16319348606127518
0.25
0.12434775290355159
-0.25
0.2047817047817048
0.22434701492537312
0.048300028411781416
0.16998330086278876
0.08456299659477866
0.1570796460176991
0.21694214876033058
0.1634181126693606
0.07105263157894737
0.21753246753246752
0.09276018099547512
0.15933388157894737
0.17347281270977846
0.06508485229415462
0.14250219234142064
0.19459757442116868
0.2147521721406476
0.15570784177654406
0.22808988764044943
0.10054958780914314
0.06682308351757434
0.11272727272727273
0.17069327731092437
0.10436893203883495
0.19680851063829788
0.18001826699272266
-0.10432917316692668
0.23183391003460208
0.10777628735375214
0.008799584271609215
0
0
0
0
0
0
0
0
-0.08398285268901014
0.06333333333333334
-0.09098101265822785
-0.1792857142857143
0.13111888111888112
0.10785206777190745
0.0976978691019787
-0.027777777777777776
0.15207877461706784
-0.014762033323048441
0.0882936507936508
-0.022714604236343368
0.005411954765751212
-0.05
0.027801631601545727
-0.025
0.14870689655172414
0.046680497925311204
-0.13361300633105908
0.2092013888888889
0.13481675392670156
0.18421052631578946
-0.08333333333333333
0.18861892583120204
0
0.1875
0.195852534562212
0.17610837438423646
0.23148148148148148
0.19827586206896552
0.011904761904761904
0.25
0.24583333333333332
0
0
0.25
0.25
0.18269230769230768
0.09065934065934066
0.19594594594594594
0
0.23826530612244898
0
0.25
0.25
0.0703001579778831
0
0
0
0
0.1820054945054945
0
0
0
0
0.25
-0.06263498920086392
0.25
0.25
0.17524045467793647
0.18333333333333332
0
0.08333333333333333
0.09111111111111111
0.1392857142857143
0.19380403458213258
0.17392533936651583
0.125
0.07340091618595182
-0.10779816513761468
0.25
0.061452513966480445
0.003982300884955752
0
0
0
0
0
0
0
0
-0.15433333333333332
0
-0.25
0
-0.25
-0.008376288659793814
0.0344311377245509
0
-0.25
-0.07142857142857142
0.17857142857142858
-0.09693877551020408
0.11625
0
-0.026435045317220542
-0.16655172413793104
0
-0.19827586206896552
-0.16309598823776517
-0.003737909703566929
-0.02141548558544049
0.00577943946572293
-0.16102620087336245
0.00601664177512268
-0.06958250497017893
-0.16111111111111112
0.20876288659793815
-0.03899596957680557
-0.0894904458598726
-0.05744855353414852
-0.07297836724182333
-0.14251207729468598
-0.04610344827586207
-0.10618279569892473
-0.19444444444444445
0.2
-0.1420896204846822
0.05225173210161663
-0.00781321392671114
0.0842339478703115
0.25
0.09925279548542168
-0.13414634146341464
0.1323529411764706
0.17597765363128492
-0.057692307692307696
0
0
0
0
0.11954680220245659
0
0
0
0
0.10096153846153846
0.1294425087108014
0.10424528301886793
0.25
0.13990935114503816
0.15
0.16666666666666666
0.22247706422018348
-0.05559701492537313
0
0
0.1875
0
0.1874551971326165
0.11363636363636363
0.25
0.17296747967479675
0.11190476190476191
0
0
0
0
0
0
0
0
-0.05475330926594465
0
0
0
-0.25
-0.14302884615384615
-0.16925465838509315
0
0
-0.16598360655737704
-0.1062992125984252
-0.12180616740088106
-0.08563651591289782
-0.1590909090909091
-0.021560236998025017
-0.19615384615384615
-0.25
0.03865979381443299
-0.07491193306913255
-0.2092013888888889
-0.18421052631578946
-0.13481675392670156
-0.1875
-0.17610837438423646
-0.195852534562212
0.08333333333333333
0
-0.18861892583120204
-0.18269230769230768
-0.19594594594594594
-0.09065934065934066
-0.25
-0.0703001579778831
-0.25
0
0
-0.23826530612244898
-0.23148148148148148
-0.011904761904761904
-0.19827586206896552
0
-0.25
-0.25
-0.25
0
-0.24583333333333332
0
0
0
0
0.15433333333333332
0
0
0
0
-0.17857142857142858
-0.11625
0.09693877551020408
0
0.16309598823776517
0.19827586206896552
0
0.16655172413793104
0.026435045317220542
0
0
0.25
0
0.07142857142857142
0.25
0.25
-0.0344311377245509
0.008376288659793814
0
0
0
0
0
0
0
0
-0.1820054945054945
-0.1392857142857143
-0.17392533936651583
-0.19380403458213258
-0.25
-0.003982300884955752
-0.061452513966480445
-0.125
0.10779816513761468
-0.07340091618595182
-0.25
-0.25
0.06263498920086392
0
-0.09111111111111111
-0.08333333333333333
-0.25
-0.18333333333333332
-0.17524045467793647
-0.024204559745602847
-0.04335438077965115
-0.04695709281961471
-0.16938775510204082
0.005825037068417708
-0.23529411764705882
-0.0262379896526238
0.056372549019607844
-0.06567065386979339
-0.19861222847948512
-0.16319348606127518
-0.043251833740831296
-0.2047817047817048
-0.048300028411781416
-0.22434701492537312
-0.25
0.25
-0.12434775290355159
0.018574573472757292
0.04000870184320861
-0.03214782205746061
-0.18602896801448401
0.07377492193129954
-0.23412698412698413
0.1510989010989011
0.14042357274401474
0.00712202781516375
0
0
0
0
0.08398285268901014
0
0
0
0
-0.0882936507936508
-0.005411954765751212
0.022714604236343368
-0.14870689655172414
0.13361300633105908
-0.046680497925311204
0.05
0.025
-0.027801631601545727
-0.06333333333333334
0.1792857142857143
0.09098101265822785
0.027777777777777776
0.014762033323048441
-0.15207877461706784
-0.13111888111888112
-0.0976978691019787
-0.10785206777190745
-0.16998330086278876
-0.1570796460176991
-0.08456299659477866
-0.21753246753246752
-0.15933388157894737
-0.09276018099547512
-0.21694214876033058
-0.07105263157894737
-0.1634181126693606
-0.11272727272727273
-0.10436893203883495
-0.17069327731092437
-0.23183391003460208
-0.008799584271609215
-0.10777628735375214
-0.19680851063829788
0.10432917316692668
-0.18001826699272266
-0.17347281270977846
-0.14250219234142064
-0.06508485229415462
-0.22808988764044943
-0.06682308351757434
-0.10054958780914314
-0.19459757442116868
-0.15570784177654406
-0.2147521721406476
