0.15841566416973796
0.15860570175910924
0.15861289308213036
0.15860096107415209
0.158326198797134
0.15811593471715713
0.15796459530220422
0.15775592317320203
0.15723528956301042
0.15665845879994245
0.15660518548304544
0.15634809823072743
0.15618221802156074
0.1559735758151501
0.1559701707618877
0.15578127475544148
0.15565199959876963
0.155695897455519
0.1552519958481778
0.15459048189586708
0.1541891430968193
0.15376421287267433
0.1533093499045349
0.1530419702212596
0.15269381815998095
0.1522720895707949
0.1523958559265041
0.15275362941019893
0.15314080294399848
0.1533628878725798
0.15364551039564428
0.14405561472177747
0.13636433621666066
0.14285494469205368
0.14377468046561825
0.15677023350029487
0.15988424252842529
0.1521046694147312
0.15024243736679557
0.15500812886392573
0.14672692786002975
0.1492560920807571
0.14782211789570648
0.14655969223294796
0.14112548501827324
0.14349977293084323
0.14228084661940424
0.13804801041957782
0.13737461027070874
0.14453647518789864
0.14145670830811236
0.14513568905545618
0.14676523253238552
0.14995749550260637
0.15440125610804928
0.16081879873285623
0.16090935892590702
0.16142338834492262
0.1661459216619355
0.16712862731469438
0.1388604990455942
0.13868461583342842
0.13879318424750273
0.13896908288745774
0.13934852169836892
0.13979232191675464
0.14014078062564428
0.14053988573337067
0.14065534546859582
0.14132666160775015
0.14203073507858932
0.14287378663871378
0.14372385067169743
0.14489940683061478
0.14591151429391894
0.14679582145088507
0.14779104276179714
0.14861250599837977
0.14952874542708072
0.15042541578314453
0.15122846511033253
0.15209593326438406
0.1529618505249691
0.1539156511184876
0.15505332133319988
0.15619035154650637
0.15720819568111966
0.15836731624668185
0.1593055513000003
0.1602693082147956
0.16114469218496508
0.1749861620123721
0.1863912213608566
0.19069424499416357
0.17942594859546337
0.17371189437416762
0.17905689059589988
0.1761117212027283
0.16716781859513014
0.16675233745920087
0.17075998069929524
0.16830535324293708
0.17316326361982295
0.1684316680325381
0.16750649852327146
0.17307774356049332
0.1647948352892786
0.1654497575148111
0.16535636424345088
0.1591946685292631
0.1643917044727896
0.16491451005973493
0.16710971654788248
0.16914352958320855
0.16830962298128316
0.1683392157796923
0.17078040650861803
0.1679909615435138
0.16660620860096825
0.1632095729634998
0.16610247591488175
0.16535183911384463
0.16440214934632844
0.16322879473872742
0.16177081761996706
0.1605040432802567
0.15954482292789965
0.15846982058668205
0.15754482392470637
0.15756510734598633
0.15759206277152027
0.15785281785225574
0.158336282508879
0.15850925814839067
0.15869547641856058
0.15903520378092473
0.15931464938931544
0.15949741016796284
0.15952227894561666
0.1596230138087589
0.1595037895752404
0.1592282313744092
0.15915629949773993
0.15903710060559717
0.15897991333372524
0.15916120048516846
0.15942103585232067
0.15945166512459422
0.15972736940527238
0.15993822031366545
0.16044500728401342
0.15897116066434314
0.14622062849428774
0.1413490698919795
0.15629955004913806
0.16529379693170118
0.1634692748554469
0.16656435920099916
0.1740559815409018
0.17537581709488237
0.184533110080419
0.18652828683656905
0.17890508831750118
0.18056924779244624
0.18260474980449543
0.17751545554886847
0.179496788195348
0.17229961419008055
0.17424419755791937
0.17074008606925167
0.16606661323299063
0.1663988467352807
0.1614839293204288
0.161764499739635
0.16352483359581588
0.16334124825141902
0.16167733072585327
0.16463339234381594
0.16051158258657836
0.16423110607344305
0.16016133168684377
0.1594183962855145
0.15897680700523195
0.158676445154073
0.15770547107118324
0.15640568829215615
0.1553322007092401
0.15441449185755918
0.15397062128289732
0.15369693256571323
0.15337495093906933
0.1529358387514642
0.15248832884933258
0.15202086263170642
0.15163405939195707
0.15143079339696516
0.15153805302016912
0.1515481989534047
0.15183457918570614
0.15232251031452612
0.15305165872969426
0.1536689713037579
0.1541992365761567
0.15494043889788425
0.15572855980156983
0.15658057371928968
0.15746532754064888
0.1581748495385649
0.15908425163624942
0.1600549860255503
0.16086432492313982
0.1742328461968729
0.180867455737874
0.16730981794227578
0.17041940860720042
0.16435720515946864
0.1566883398867722
0.1632549282066267
0.16062060478387105
0.1654943332889467
0.16104294539104225
0.1687418884357416
0.16974882290300058
0.16972855293964062
0.1680132534061409
0.1727365495163466
0.17084588723893823
0.17242252294255644
0.17486640647773682
0.1762263280305581
0.17180429838035682
0.169589305923353
0.1723861975220686
0.16878355028917633
0.16765097002968993
0.1670783952071694
0.16323340028767694
0.15887511344581662
0.15905914618821546
0.1601878948090411
0.19101101379615876
0.19178833319676264
0.19250668032806667
0.1930181194854984
0.19341594758616543
0.19379572015670649
0.19384506066742274
0.19407953779455833
0.19419111517425725
0.19295374142663096
0.19161178778022092
0.19028073817134047
0.18908645362285617
0.18777583621013802
0.1863414934443698
0.18496107108671522
0.18363150655360388
0.18247983748103294
0.18139198382839797
0.1805911708526402
0.17956789449537144
0.1788112339432961
0.1776896786391145
0.17626492442052746
0.17489340564023115
0.17352379585296523
0.17177489639806004
0.16993392187020373
0.16786811667255827
0.16577703241763236
0.16357268289893917
0.15251291787774776
0.14897157236839165
0.1457539954989648
0.13763958289499986
0.13119821408823518
0.13655950425978183
0.13596085106460098
0.14169040923185544
0.13660861386081452
0.13580001474805706
0.1335652499261354
0.1324605943865666
0.1328180021241941
0.13686761235150507
0.13469979521886047
0.14107508361399482
0.14883232334880842
0.15214798698993012
0.15377548653134562
0.160791858076922
0.15532698957644872
0.15199628765091627
0.15202738566303142
0.1522393124671095
0.1480532025527348
0.14725701609316408
0.14891023860583708
0.14762927190324876
0.14780957369346506
0.1854490153867836
0.18615111381134064
0.18670828599074002
0.1875065966600914
0.1894330432271813
0.19138629163696902
0.19317253976758908
0.19474034085462777
0.19640280458653286
0.19779909825397693
0.19878527794755485
0.1997087203554983
0.2001828663256742
0.2008210603640001
0.20144728568930592
0.20199583552906838
0.20207274867634478
0.20216614994370075
0.20247041676502076
0.2024474073450632
0.20245904899254194
0.2024314172414785
0.20268358485748486
0.20279991473624392
0.20265098173129292
0.2022719888252754
0.20173468860134672
0.20131861780975632
0.20087390804192104
0.20059756515577656
0.20032778231329834
0.19524129852688663
0.2011847858219293
0.2120379269805627
0.2124408293875799
0.20866865594613243
0.20434174787367382
0.20600347091031368
0.20622274848144595
0.20076076943222992
0.2011370212211568
0.19360312947785985
0.1979001128774022
0.20189283687823292
0.20388240089631401
0.19847068322458802
0.20150655904303624
0.2029477715841658
0.1960104344602541
0.1955269556516829
0.19548881752882863
0.19863465864972668
0.20025863642631844
0.1983235392223423
0.19387400481805234
0.19236913947612821
0.19614248745878052
0.1981669057160939
0.20004786905905367
0.1974332251458566
0.013985488018810431
0.017756149686279293
0.014822192553500249
0.013153443207032656
0.013153443207032656
0.014822192553500249
0.017756149686279293
0.013985488018810431
0.017756149686279293
0.015120754088602447
0.013718941113419446
0.015508048459993205
0.015508048459993205
0.013718941113419446
0.015120754088602447
0.017756149686279293
0.014822192553500249
0.013718941113419446
0.01600469626220698
0.019693820945195097
0.019693820945195097
0.01600469626220698
0.013718941113419446
0.014822192553500249
0.013153443207032656
0.015508048459993205
0.019693820945195097
0.015583869699540212
0.015583869699540212
0.019693820945195097
0.015508048459993205
0.013153443207032656
0.013153443207032656
0.015508048459993205
0.019693820945195097
0.015583869699540212
0.015583869699540212
0.019693820945195097
0.015508048459993205
0.013153443207032656
0.014822192553500249
0.013718941113419446
0.01600469626220698
0.019693820945195097
0.019693820945195097
0.01600469626220698
0.013718941113419446
0.014822192553500249
0.017756149686279293
0.015120754088602447
0.013718941113419446
0.015508048459993205
0.015508048459993205
0.013718941113419446
0.015120754088602447
0.017756149686279293
0.013985488018810431
0.017756149686279293
0.014822192553500249
0.013153443207032656
0.013153443207032656
0.014822192553500249
0.017756149686279293
0.013985488018810431
0.014094079505313517
0.017797939383072968
0.014761740953348637
0.013157343564386368
0.013157343564386368
0.014761740953348637
0.017797939383072968
0.014094079505313517
0.017797939383072968
0.015171352739418583
0.01368805105542025
0.015429137080271861
0.015429137080271861
0.01368805105542025
0.015171352739418583
0.017797939383072968
0.014761740953348637
0.01368805105542025
0.016046211230326724
0.019721034584068972
0.019721034584068972
0.016046211230326724
0.01368805105542025
0.014761740953348637
0.013157343564386368
0.015429137080271861
0.019721034584068972
0.015577863283803084
0.015577863283803084
0.019721034584068972
0.015429137080271861
0.013157343564386368
0.013157343564386368
0.015429137080271861
0.019721034584068972
0.015577863283803084
0.015577863283803084
0.019721034584068972
0.015429137080271861
0.013157343564386368
0.014761740953348637
0.01368805105542025
0.016046211230326724
0.019721034584068972
0.019721034584068972
0.016046211230326724
0.01368805105542025
0.014761740953348637
0.017797939383072968
0.015171352739418583
0.01368805105542025
0.015429137080271861
0.015429137080271861
0.01368805105542025
0.015171352739418583
0.017797939383072968
0.014094079505313517
0.017797939383072968
0.014761740953348637
0.013157343564386368
0.013157343564386368
0.014761740953348637
0.017797939383072968
0.014094079505313517
0.014188188579521735
0.01782664863920403
0.014710277218888028
0.013173434776240995
0.013173434776240995
0.014710277218888028
0.01782664863920403
0.014188188579521735
0.01782664863920403
0.015250031320550668
0.013681986947004577
0.015341088159118553
0.015341088159118553
0.013681986947004577
0.015250031320550668
0.01782664863920403
0.014710277218888028
0.013681986947004577
0.016064928052729664
0.019740056628419107
0.019740056628419107
0.016064928052729664
0.013681986947004577
0.014710277218888028
0.013173434776240995
0.015341088159118553
0.019740056628419107
0.015549867309447376
0.015549867309447376
0.019740056628419107
0.015341088159118553
0.013173434776240995
0.013173434776240995
0.015341088159118553
0.019740056628419107
0.015549867309447376
0.015549867309447376
0.019740056628419107
0.015341088159118553
0.013173434776240995
0.014710277218888028
0.013681986947004577
0.016064928052729664
0.019740056628419107
0.019740056628419107
0.016064928052729664
0.013681986947004577
0.014710277218888028
0.01782664863920403
0.015250031320550668
0.013681986947004577
0.015341088159118553
0.015341088159118553
0.013681986947004577
0.015250031320550668
0.01782664863920403
0.014188188579521735
0.01782664863920403
0.014710277218888028
0.013173434776240995
0.013173434776240995
0.014710277218888028
0.01782664863920403
0.014188188579521735
0.014280377117475327
0.017827896380524906
0.014651763100822656
0.013194904368753578
0.013194904368753578
0.014651763100822656
0.017827896380524906
0.014280377117475327
0.017827896380524906
0.015346749536282955
0.013701682475526096
0.01523712241124545
0.01523712241124545
0.013701682475526096
0.015346749536282955
0.017827896380524906
0.014651763100822656
0.013701682475526096
0.01610019895498387
0.019755350357654345
0.019755350357654345
0.01610019895498387
0.013701682475526096
0.014651763100822656
0.013194904368753578
0.01523712241124545
0.019755350357654345
0.01553523620220374
0.01553523620220374
0.019755350357654345
0.01523712241124545
0.013194904368753578
0.013194904368753578
0.01523712241124545
0.019755350357654345
0.01553523620220374
0.01553523620220374
0.019755350357654345
0.01523712241124545
0.013194904368753578
0.014651763100822656
0.013701682475526096
0.01610019895498387
0.019755350357654345
0.019755350357654345
0.01610019895498387
0.013701682475526096
0.014651763100822656
0.017827896380524906
0.015346749536282955
0.013701682475526096
0.01523712241124545
0.01523712241124545
0.013701682475526096
0.015346749536282955
0.017827896380524906
0.014280377117475327
0.017827896380524906
0.014651763100822656
0.013194904368753578
0.013194904368753578
0.014651763100822656
0.017827896380524906
0.014280377117475327
0.014419423744162229
0.017872290266011892
0.014542089286784661
0.01322071126491364
0.01322071126491364
0.014542089286784661
0.017872290266011892
0.014419423744162229
0.017872290266011892
0.015517306646572167
0.01362364247506881
0.015052934580021679
0.015052934580021679
0.01362364247506881
0.015517306646572167
0.017872290266011892
0.014542089286784661
0.01362364247506881
0.016237663614066238
0.019840949861041186
0.019840949861041186
0.016237663614066238
0.01362364247506881
0.014542089286784661
0.01322071126491364
0.015052934580021679
0.019840949861041186
0.015520370527515679
0.015520370527515679
0.019840949861041186
0.015052934580021679
0.01322071126491364
0.01322071126491364
0.015052934580021679
0.019840949861041186
0.015520370527515679
0.015520370527515679
0.019840949861041186
0.015052934580021679
0.01322071126491364
0.014542089286784661
0.01362364247506881
0.016237663614066238
0.019840949861041186
0.019840949861041186
0.016237663614066238
0.01362364247506881
0.014542089286784661
0.017872290266011892
0.015517306646572167
0.01362364247506881
0.015052934580021679
0.015052934580021679
0.01362364247506881
0.015517306646572167
0.017872290266011892
0.014419423744162229
0.017872290266011892
0.014542089286784661
0.01322071126491364
0.01322071126491364
0.014542089286784661
0.017872290266011892
0.014419423744162229
0.014578547069333004
0.017941776503809088
0.01441266067217273
0.01324168147115576
0.01324168147115576
0.01441266067217273
0.017941776503809088
0.014578547069333004
0.017941776503809088
0.015677280167059306
0.013559584655296988
0.014917069583369129
0.014917069583369129
0.013559584655296988
0.015677280167059306
0.017941776503809088
0.01441266067217273
0.013559584655296988
0.016344989097525596
0.019879689298566424
0.019879689298566424
0.016344989097525596
0.013559584655296988
0.01441266067217273
0.01324168147115576
0.014917069583369129
0.019879689298566424
0.015494259297341875
0.015494259297341875
0.019879689298566424
0.014917069583369129
0.01324168147115576
0.01324168147115576
0.014917069583369129
0.019879689298566424
0.015494259297341875
0.015494259297341875
0.019879689298566424
0.014917069583369129
0.01324168147115576
0.01441266067217273
0.013559584655296988
0.016344989097525596
0.019879689298566424
0.019879689298566424
0.016344989097525596
0.013559584655296988
0.01441266067217273
0.017941776503809088
0.015677280167059306
0.013559584655296988
0.014917069583369129
0.014917069583369129
0.013559584655296988
0.015677280167059306
0.017941776503809088
0.014578547069333004
0.017941776503809088
0.01441266067217273
0.01324168147115576
0.01324168147115576
0.01441266067217273
0.017941776503809088
0.014578547069333004
0.014768107797394426
0.01797994201966286
0.014308824749113856
0.013254696271471614
0.013254696271471614
0.014308824749113856
0.01797994201966286
0.014768107797394426
0.01797994201966286
0.015858625817041287
0.013494494067899888
0.014790937396128133
0.014790937396128133
0.013494494067899888
0.015858625817041287
0.01797994201966286
0.014308824749113856
0.013494494067899888
0.01643658758326423
0.01989506807676937
0.01989506807676937
0.01643658758326423
0.013494494067899888
0.014308824749113856
0.013254696271471614
0.014790937396128133
0.01989506807676937
0.015488753640208606
0.015488753640208606
0.01989506807676937
0.014790937396128133
0.013254696271471614
0.013254696271471614
0.014790937396128133
0.01989506807676937
0.015488753640208606
0.015488753640208606
0.01989506807676937
0.014790937396128133
0.013254696271471614
0.014308824749113856
0.013494494067899888
0.01643658758326423
0.01989506807676937
0.01989506807676937
0.01643658758326423
0.013494494067899888
0.014308824749113856
0.01797994201966286
0.015858625817041287
0.013494494067899888
0.014790937396128133
0.014790937396128133
0.013494494067899888
0.015858625817041287
0.01797994201966286
0.014768107797394426
0.01797994201966286
0.014308824749113856
0.013254696271471614
0.013254696271471614
0.014308824749113856
0.01797994201966286
0.014768107797394426
0.0149499378080313
0.018037329024220818
0.014181198025209464
0.013246058559672307
0.013246058559672307
0.014181198025209464
0.018037329024220818
0.0149499378080313
0.018037329024220818
0.016093371420463135
0.01344848531606346
0.014648847532858267
0.014648847532858267
0.01344848531606346
0.016093371420463135
0.018037329024220818
0.014181198025209464
0.01344848531606346
0.016565301369136257
0.01990597329319285
0.01990597329319285
0.016565301369136257
0.01344848531606346
0.014181198025209464
0.013246058559672307
0.014648847532858267
0.01990597329319285
0.015455605899934992
0.015455605899934992
0.01990597329319285
0.014648847532858267
0.013246058559672307
0.013246058559672307
0.014648847532858267
0.01990597329319285
0.015455605899934992
0.015455605899934992
0.01990597329319285
0.014648847532858267
0.013246058559672307
0.014181198025209464
0.01344848531606346
0.016565301369136257
0.01990597329319285
0.01990597329319285
0.016565301369136257
0.01344848531606346
0.014181198025209464
0.018037329024220818
0.016093371420463135
0.01344848531606346
0.014648847532858267
0.014648847532858267
0.01344848531606346
0.016093371420463135
0.018037329024220818
0.0149499378080313
0.018037329024220818
0.014181198025209464
0.013246058559672307
0.013246058559672307
0.014181198025209464
0.018037329024220818
0.0149499378080313
0.015086409752488919
0.018123344051457546
0.014054757844939146
0.013251542959869328
0.013251542959869328
0.014054757844939146
0.018123344051457546
0.015086409752488919
0.018123344051457546
0.01630689864021427
0.01342644430222294
0.014517854761400698
0.014517854761400698
0.01342644430222294
0.01630689864021427
0.018123344051457546
0.014054757844939146
0.01342644430222294
0.016680291630048506
0.01989245921446654
0.01989245921446654
0.016680291630048506
0.01342644430222294
0.014054757844939146
0.013251542959869328
0.014517854761400698
0.01989245921446654
0.015393593708535916
0.015393593708535916
0.01989245921446654
0.014517854761400698
0.013251542959869328
0.013251542959869328
0.014517854761400698
0.01989245921446654
0.015393593708535916
0.015393593708535916
0.01989245921446654
0.014517854761400698
0.013251542959869328
0.014054757844939146
0.01342644430222294
0.016680291630048506
0.01989245921446654
0.01989245921446654
0.016680291630048506
0.01342644430222294
0.014054757844939146
0.018123344051457546
0.01630689864021427
0.01342644430222294
0.014517854761400698
0.014517854761400698
0.01342644430222294
0.01630689864021427
0.018123344051457546
0.015086409752488919
0.018123344051457546
0.014054757844939146
0.013251542959869328
0.013251542959869328
0.014054757844939146
0.018123344051457546
0.015086409752488919
0.015194039849972892
0.018064296636989722
0.01399237448140925
0.013302649555865449
0.013302649555865449
0.01399237448140925
0.018064296636989722
0.015194039849972892
0.018064296636989722
0.016576881797579143
0.01339631505612458
0.014425827812871127
0.014425827812871127
0.01339631505612458
0.016576881797579143
0.018064296636989722
0.01399237448140925
0.01339631505612458
0.016716184934310516
0.019851019144790562
0.019851019144790562
0.016716184934310516
0.01339631505612458
0.01399237448140925
0.013302649555865449
0.014425827812871127
0.019851019144790562
0.015447928042036088
0.015447928042036088
0.019851019144790562
0.014425827812871127
0.013302649555865449
0.013302649555865449
0.014425827812871127
0.019851019144790562
0.015447928042036088
0.015447928042036088
0.019851019144790562
0.014425827812871127
0.013302649555865449
0.01399237448140925
0.01339631505612458
0.016716184934310516
0.019851019144790562
0.019851019144790562
0.016716184934310516
0.01339631505612458
0.01399237448140925
0.018064296636989722
0.016576881797579143
0.01339631505612458
0.014425827812871127
0.014425827812871127
0.01339631505612458
0.016576881797579143
0.018064296636989722
0.015194039849972892
0.018064296636989722
0.01399237448140925
0.013302649555865449
0.013302649555865449
0.01399237448140925
0.018064296636989722
0.015194039849972892
0.015303364939987482
0.017971448657314405
0.013901123391889897
0.013362776051184246
0.013362776051184246
0.013901123391889897
0.017971448657314405
0.015303364939987482
0.017971448657314405
0.01686815395053557
0.013405007230720674
0.014343385537275849
0.014343385537275849
0.013405007230720674
0.01686815395053557
0.017971448657314405
0.013901123391889897
0.013405007230720674
0.01675154368589498
0.019803199166889388
0.019803199166889388
0.01675154368589498
0.013405007230720674
0.013901123391889897
0.013362776051184246
0.014343385537275849
0.019803199166889388
0.015503057353033077
0.015503057353033077
0.019803199166889388
0.014343385537275849
0.013362776051184246
0.013362776051184246
0.014343385537275849
0.019803199166889388
0.015503057353033077
0.015503057353033077
0.019803199166889388
0.014343385537275849
0.013362776051184246
0.013901123391889897
0.013405007230720674
0.01675154368589498
0.019803199166889388
0.019803199166889388
0.01675154368589498
0.013405007230720674
0.013901123391889897
0.017971448657314405
0.01686815395053557
0.013405007230720674
0.014343385537275849
0.014343385537275849
0.013405007230720674
0.01686815395053557
0.017971448657314405
0.015303364939987482
0.017971448657314405
0.013901123391889897
0.013362776051184246
0.013362776051184246
0.013901123391889897
0.017971448657314405
0.015303364939987482
0.01537236811895987
0.017877752668644324
0.013814251169810995
0.013469357988881634
0.013469357988881634
0.013814251169810995
0.017877752668644324
0.01537236811895987
0.017877752668644324
0.017157154295066073
0.013415659241299187
0.014231369508033902
0.014231369508033902
0.013415659241299187
0.017157154295066073
0.017877752668644324
0.013814251169810995
0.013415659241299187
0.016800912883207772
0.019724730584029827
0.019724730584029827
0.016800912883207772
0.013415659241299187
0.013814251169810995
0.013469357988881634
0.014231369508033902
0.019724730584029827
0.01560332238136658
0.01560332238136658
0.019724730584029827
0.014231369508033902
0.013469357988881634
0.013469357988881634
0.014231369508033902
0.019724730584029827
0.01560332238136658
0.01560332238136658
0.019724730584029827
0.014231369508033902
0.013469357988881634
0.013814251169810995
0.013415659241299187
0.016800912883207772
0.019724730584029827
0.019724730584029827
0.016800912883207772
0.013415659241299187
0.013814251169810995
0.017877752668644324
0.017157154295066073
0.013415659241299187
0.014231369508033902
0.014231369508033902
0.013415659241299187
0.017157154295066073
0.017877752668644324
0.01537236811895987
0.017877752668644324
0.013814251169810995
0.013469357988881634
0.013469357988881634
0.013814251169810995
0.017877752668644324
0.01537236811895987
0.015468784064802473
0.01779932862956159
0.013758789103916652
0.01358697473906968
0.01358697473906968
0.013758789103916652
0.01779932862956159
0.015468784064802473
0.01779932862956159
0.017423517853415883
0.013457273161773099
0.014081376334718839
0.014081376334718839
0.013457273161773099
0.017423517853415883
0.01779932862956159
0.013758789103916652
0.013457273161773099
0.016853549706936033
0.019609384170810644
0.019609384170810644
0.016853549706936033
0.013457273161773099
0.013758789103916652
0.01358697473906968
0.014081376334718839
0.019609384170810644
0.01566789609514458
0.01566789609514458
0.019609384170810644
0.014081376334718839
0.01358697473906968
0.01358697473906968
0.014081376334718839
0.019609384170810644
0.01566789609514458
0.01566789609514458
0.019609384170810644
0.014081376334718839
0.01358697473906968
0.013758789103916652
0.013457273161773099
0.016853549706936033
0.019609384170810644
0.019609384170810644
0.016853549706936033
0.013457273161773099
0.013758789103916652
0.01779932862956159
0.017423517853415883
0.013457273161773099
0.014081376334718839
0.014081376334718839
0.013457273161773099
0.017423517853415883
0.01779932862956159
0.015468784064802473
0.01779932862956159
0.013758789103916652
0.01358697473906968
0.01358697473906968
0.013758789103916652
0.01779932862956159
0.015468784064802473
0.015572473139124595
0.017689426215046367
0.01374170353101878
0.013742387183386629
0.013742387183386629
0.01374170353101878
0.017689426215046367
0.015572473139124595
0.017689426215046367
0.017603371171551016
0.013493949797175744
0.013920097604515595
0.013920097604515595
0.013493949797175744
0.017603371171551016
0.017689426215046367
0.01374170353101878
0.013493949797175744
0.01688897360101955
0.01949312477882251
0.01949312477882251
0.01688897360101955
0.013493949797175744
0.01374170353101878
0.013742387183386629
0.013920097604515595
0.01949312477882251
0.015773803868373616
0.015773803868373616
0.01949312477882251
0.013920097604515595
0.013742387183386629
0.013742387183386629
0.013920097604515595
0.01949312477882251
0.015773803868373616
0.015773803868373616
0.01949312477882251
0.013920097604515595
0.013742387183386629
0.01374170353101878
0.013493949797175744
0.01688897360101955
0.01949312477882251
0.01949312477882251
0.01688897360101955
0.013493949797175744
0.01374170353101878
0.017689426215046367
0.017603371171551016
0.013493949797175744
0.013920097604515595
0.013920097604515595
0.013493949797175744
0.017603371171551016
0.017689426215046367
0.015572473139124595
0.017689426215046367
0.01374170353101878
0.013742387183386629
0.013742387183386629
0.01374170353101878
0.017689426215046367
0.015572473139124595
0.01562886450376911
0.01753367875303132
0.013733044842691495
0.013915802034573845
0.013915802034573845
0.013733044842691495
0.01753367875303132
0.01562886450376911
0.01753367875303132
0.017813131859920398
0.01352692852399639
0.01378917584386424
0.01378917584386424
0.01352692852399639
0.017813131859920398
0.01753367875303132
0.013733044842691495
0.01352692852399639
0.016953976880844313
0.019345535677999175
0.019345535677999175
0.016953976880844313
0.01352692852399639
0.013733044842691495
0.013915802034573845
0.01378917584386424
0.019345535677999175
0.015915695403153258
0.015915695403153258
0.019345535677999175
0.01378917584386424
0.013915802034573845
0.013915802034573845
0.01378917584386424
0.019345535677999175
0.015915695403153258
0.015915695403153258
0.019345535677999175
0.01378917584386424
0.013915802034573845
0.013733044842691495
0.01352692852399639
0.016953976880844313
0.019345535677999175
0.019345535677999175
0.016953976880844313
0.01352692852399639
0.013733044842691495
0.01753367875303132
0.017813131859920398
0.01352692852399639
0.01378917584386424
0.01378917584386424
0.01352692852399639
0.017813131859920398
0.01753367875303132
0.01562886450376911
0.01753367875303132
0.013733044842691495
0.013915802034573845
0.013915802034573845
0.013733044842691495
0.01753367875303132
0.01562886450376911
0.015669217973202063
0.017361072970643602
0.013721791375840004
0.0141268546423893
0.0141268546423893
0.013721791375840004
0.017361072970643602
0.015669217973202063
0.017361072970643602
0.01799912541815876
0.013581892247343555
0.013658117683946754
0.013658117683946754
0.013581892247343555
0.01799912541815876
0.017361072970643602
0.013721791375840004
0.013581892247343555
0.017002715560860897
0.01918523196674069
0.01918523196674069
0.017002715560860897
0.013581892247343555
0.013721791375840004
0.0141268546423893
0.013658117683946754
0.01918523196674069
0.01605901927397048
0.01605901927397048
0.01918523196674069
0.013658117683946754
0.0141268546423893
0.0141268546423893
0.013658117683946754
0.01918523196674069
0.01605901927397048
0.01605901927397048
0.01918523196674069
0.013658117683946754
0.0141268546423893
0.013721791375840004
0.013581892247343555
0.017002715560860897
0.01918523196674069
0.01918523196674069
0.017002715560860897
0.013581892247343555
0.013721791375840004
0.017361072970643602
0.01799912541815876
0.013581892247343555
0.013658117683946754
0.013658117683946754
0.013581892247343555
0.01799912541815876
0.017361072970643602
0.015669217973202063
0.017361072970643602
0.013721791375840004
0.0141268546423893
0.0141268546423893
0.013721791375840004
0.017361072970643602
0.015669217973202063
0.015701561561697306
0.017182863380473694
0.013706791751952534
0.014361421598096752
0.014361421598096752
0.013706791751952534
0.017182863380473694
0.015701561561697306
0.017182863380473694
0.018122238978048915
0.013638402365600604
0.013530875974134767
0.013530875974134767
0.013638402365600604
0.018122238978048915
0.017182863380473694
0.013706791751952534
0.013638402365600604
0.017045902940631928
0.01903049519001676
0.01903049519001676
0.017045902940631928
0.013638402365600604
0.013706791751952534
0.014361421598096752
0.013530875974134767
0.01903049519001676
0.01622859599907163
0.01622859599907163
0.01903049519001676
0.013530875974134767
0.014361421598096752
0.014361421598096752
0.013530875974134767
0.01903049519001676
0.01622859599907163
0.01622859599907163
0.01903049519001676
0.013530875974134767
0.014361421598096752
0.013706791751952534
0.013638402365600604
0.017045902940631928
0.01903049519001676
0.01903049519001676
0.017045902940631928
0.013638402365600604
0.013706791751952534
0.017182863380473694
0.018122238978048915
0.013638402365600604
0.013530875974134767
0.013530875974134767
0.013638402365600604
0.018122238978048915
0.017182863380473694
0.015701561561697306
0.017182863380473694
0.013706791751952534
0.014361421598096752
0.014361421598096752
0.013706791751952534
0.017182863380473694
0.015701561561697306
0.01574338955860959
0.016999625708584612
0.013714451676317503
0.014565923591613137
0.014565923591613137
0.013714451676317503
0.016999625708584612
0.01574338955860959
0.016999625708584612
0.018195183685336343
0.013708807421194867
0.01345979683169519
0.01345979683169519
0.013708807421194867
0.018195183685336343
0.016999625708584612
0.013714451676317503
0.013708807421194867
0.01704014034114262
0.01887753405446369
0.01887753405446369
0.01704014034114262
0.013708807421194867
0.013714451676317503
0.014565923591613137
0.01345979683169519
0.01887753405446369
0.016369007847173447
0.016369007847173447
0.01887753405446369
0.01345979683169519
0.014565923591613137
0.014565923591613137
0.01345979683169519
0.01887753405446369
0.016369007847173447
0.016369007847173447
0.01887753405446369
0.01345979683169519
0.014565923591613137
0.013714451676317503
0.013708807421194867
0.01704014034114262
0.01887753405446369
0.01887753405446369
0.01704014034114262
0.013708807421194867
0.013714451676317503
0.016999625708584612
0.018195183685336343
0.013708807421194867
0.01345979683169519
0.01345979683169519
0.013708807421194867
0.018195183685336343
0.016999625708584612
0.01574338955860959
0.016999625708584612
0.013714451676317503
0.014565923591613137
0.014565923591613137
0.013714451676317503
0.016999625708584612
0.01574338955860959
0.015759154363077576
0.016798293874331533
0.013726505408885988
0.014809175043349155
0.014809175043349155
0.013726505408885988
0.016798293874331533
0.015759154363077576
0.016798293874331533
0.018238844301688463
0.013763701661359764
0.013395561517614054
0.013395561517614054
0.013763701661359764
0.018238844301688463
0.016798293874331533
0.013726505408885988
0.013763701661359764
0.017036191252582458
0.01873210394588814
0.01873210394588814
0.017036191252582458
0.013763701661359764
0.013726505408885988
0.014809175043349155
0.013395561517614054
0.01873210394588814
0.01651512717979424
0.01651512717979424
0.01873210394588814
0.013395561517614054
0.014809175043349155
0.014809175043349155
0.013395561517614054
0.01873210394588814
0.01651512717979424
0.01651512717979424
0.01873210394588814
0.013395561517614054
0.014809175043349155
0.013726505408885988
0.013763701661359764
0.017036191252582458
0.01873210394588814
0.01873210394588814
0.017036191252582458
0.013763701661359764
0.013726505408885988
0.016798293874331533
0.018238844301688463
0.013763701661359764
0.013395561517614054
0.013395561517614054
0.013763701661359764
0.018238844301688463
0.016798293874331533
0.015759154363077576
0.016798293874331533
0.013726505408885988
0.014809175043349155
0.014809175043349155
0.013726505408885988
0.016798293874331533
0.015759154363077576
0.015775446034567497
0.0165595192405188
0.013732833850529237
0.015053652691939043
0.015053652691939043
0.013732833850529237
0.0165595192405188
0.015775446034567497
0.0165595192405188
0.018259580938822947
0.013815651187668154
0.013380362136237887
0.013380362136237887
0.013815651187668154
0.018259580938822947
0.0165595192405188
0.013732833850529237
0.013815651187668154
0.017019379308021092
0.018608756387071476
0.018608756387071476
0.017019379308021092
0.013815651187668154
0.013732833850529237
0.015053652691939043
0.013380362136237887
0.018608756387071476
0.016644042730659274
0.016644042730659274
0.018608756387071476
0.013380362136237887
0.015053652691939043
0.015053652691939043
0.013380362136237887
0.018608756387071476
0.016644042730659274
0.016644042730659274
0.018608756387071476
0.013380362136237887
0.015053652691939043
0.013732833850529237
0.013815651187668154
0.017019379308021092
0.018608756387071476
0.018608756387071476
0.017019379308021092
0.013815651187668154
0.013732833850529237
0.0165595192405188
0.018259580938822947
0.013815651187668154
0.013380362136237887
0.013380362136237887
0.013815651187668154
0.018259580938822947
0.0165595192405188
0.015775446034567497
0.0165595192405188
0.013732833850529237
0.015053652691939043
0.015053652691939043
0.013732833850529237
0.0165595192405188
0.015775446034567497
0.01581949818261569
0.016335718739614088
0.01372575517863109
0.015267131715124728
0.015267131715124728
0.01372575517863109
0.016335718739614088
0.01581949818261569
0.016335718739614088
0.01828218438758233
0.013844005182430412
0.013389371304949023
0.013389371304949023
0.013844005182430412
0.01828218438758233
0.016335718739614088
0.01372575517863109
0.013844005182430412
0.017020127692466098
0.018489096606757734
0.018489096606757734
0.017020127692466098
0.013844005182430412
0.01372575517863109
0.015267131715124728
0.013389371304949023
0.018489096606757734
0.01677603228232173
0.01677603228232173
0.018489096606757734
0.013389371304949023
0.015267131715124728
0.015267131715124728
0.013389371304949023
0.018489096606757734
0.01677603228232173
0.01677603228232173
0.018489096606757734
0.013389371304949023
0.015267131715124728
0.01372575517863109
0.013844005182430412
0.017020127692466098
0.018489096606757734
0.018489096606757734
0.017020127692466098
0.013844005182430412
0.01372575517863109
0.016335718739614088
0.01828218438758233
0.013844005182430412
0.013389371304949023
0.013389371304949023
0.013844005182430412
0.01828218438758233
0.016335718739614088
0.01581949818261569
0.016335718739614088
0.01372575517863109
0.015267131715124728
0.015267131715124728
0.01372575517863109
0.016335718739614088
0.01581949818261569
0.01586789291658013
0.016129948360938017
0.013714390140640376
0.015474459741432845
0.015474459741432845
0.013714390140640376
0.016129948360938017
0.01586789291658013
0.016129948360938017
0.01830693290899437
0.013888211799775337
0.013413682687050484
0.013413682687050484
0.013888211799775337
0.01830693290899437
0.016129948360938017
0.013714390140640376
0.013888211799775337
0.016974470054866807
0.01834892218267492
0.01834892218267492
0.016974470054866807
0.013888211799775337
0.013714390140640376
0.015474459741432845
0.013413682687050484
0.01834892218267492
0.016911474294534733
0.016911474294534733
0.01834892218267492
0.013413682687050484
0.015474459741432845
0.015474459741432845
0.013413682687050484
0.01834892218267492
0.016911474294534733
0.016911474294534733
0.01834892218267492
0.013413682687050484
0.015474459741432845
0.013714390140640376
0.013888211799775337
0.016974470054866807
0.01834892218267492
0.01834892218267492
0.016974470054866807
0.013888211799775337
0.013714390140640376
0.016129948360938017
0.01830693290899437
0.013888211799775337
0.013413682687050484
0.013413682687050484
0.013888211799775337
0.01830693290899437
0.016129948360938017
0.01586789291658013
0.016129948360938017
0.013714390140640376
0.015474459741432845
0.015474459741432845
0.013714390140640376
0.016129948360938017
0.01586789291658013
0.015893470973918154
0.01595223160719771
0.013688269987856326
0.01566918696487493
0.01566918696487493
0.013688269987856326
0.01595223160719771
0.015893470973918154
0.01595223160719771
0.018321513436142446
0.013928939095030303
0.013476715283981212
0.013476715283981212
0.013928939095030303
0.018321513436142446
0.01595223160719771
0.013688269987856326
0.013928939095030303
0.016951776344508663
0.01818500796100196
0.01818500796100196
0.016951776344508663
0.013928939095030303
0.013688269987856326
0.01566918696487493
0.013476715283981212
0.01818500796100196
0.017032537445545833
0.017032537445545833
0.01818500796100196
0.013476715283981212
0.01566918696487493
0.01566918696487493
0.013476715283981212
0.01818500796100196
0.017032537445545833
0.017032537445545833
0.01818500796100196
0.013476715283981212
0.01566918696487493
0.013688269987856326
0.013928939095030303
0.016951776344508663
0.01818500796100196
0.01818500796100196
0.016951776344508663
0.013928939095030303
0.013688269987856326
0.01595223160719771
0.018321513436142446
0.013928939095030303
0.013476715283981212
0.013476715283981212
0.013928939095030303
0.018321513436142446
0.01595223160719771
0.015893470973918154
0.01595223160719771
0.013688269987856326
0.01566918696487493
0.01566918696487493
0.013688269987856326
0.01595223160719771
0.015893470973918154
0.015918570193667193
0.015756260209436067
0.013652085716294702
0.015866095004954266
0.015866095004954266
0.013652085716294702
0.015756260209436067
0.015918570193667193
0.015756260209436067
0.01834264815375214
0.013990011655942153
0.013555442111326987
0.013555442111326987
0.013990011655942153
0.01834264815375214
0.015756260209436067
0.013652085716294702
0.013990011655942153
0.016932431205288596
0.01800896579245359
0.01800896579245359
0.016932431205288596
0.013990011655942153
0.013652085716294702
0.015866095004954266
0.013555442111326987
0.01800896579245359
0.017148629466476512
0.017148629466476512
0.01800896579245359
0.013555442111326987
0.015866095004954266
0.015866095004954266
0.013555442111326987
0.01800896579245359
0.017148629466476512
0.017148629466476512
0.01800896579245359
0.013555442111326987
0.015866095004954266
0.013652085716294702
0.013990011655942153
0.016932431205288596
0.01800896579245359
0.01800896579245359
0.016932431205288596
0.013990011655942153
0.013652085716294702
0.015756260209436067
0.01834264815375214
0.013990011655942153
0.013555442111326987
0.013555442111326987
0.013990011655942153
0.01834264815375214
0.015756260209436067
0.015918570193667193
0.015756260209436067
0.013652085716294702
0.015866095004954266
0.015866095004954266
0.013652085716294702
0.015756260209436067
0.015918570193667193
0.015939160047107687
0.015549793843584422
0.01361414121707786
0.01606648531674633
0.01606648531674633
0.01361414121707786
0.015549793843584422
0.015939160047107687
0.015549793843584422
0.01833594146830243
0.01402524927750161
0.013650015129474186
0.013650015129474186
0.01402524927750161
0.01833594146830243
0.015549793843584422
0.01361414121707786
0.01402524927750161
0.0169110288150087
0.017860763897022496
0.017860763897022496
0.0169110288150087
0.01402524927750161
0.01361414121707786
0.01606648531674633
0.013650015129474186
0.017860763897022496
0.017280972306767374
0.017280972306767374
0.017860763897022496
0.013650015129474186
0.01606648531674633
0.01606648531674633
0.013650015129474186
0.017860763897022496
0.017280972306767374
0.017280972306767374
0.017860763897022496
0.013650015129474186
0.01606648531674633
0.01361414121707786
0.01402524927750161
0.0169110288150087
0.017860763897022496
0.017860763897022496
0.0169110288150087
0.01402524927750161
0.01361414121707786
0.015549793843584422
0.01833594146830243
0.01402524927750161
0.013650015129474186
0.013650015129474186
0.01402524927750161
0.01833594146830243
0.015549793843584422
0.015939160047107687
0.015549793843584422
0.01361414121707786
0.01606648531674633
0.01606648531674633
0.01361414121707786
0.015549793843584422
0.015939160047107687
0.015949778598452816
0.015321537776689825
0.013563383238282578
0.01626990316838047
0.01626990316838047
0.013563383238282578
0.015321537776689825
0.015949778598452816
0.015321537776689825
0.01833111836028408
0.014074144464488538
0.013775486565878492
0.013775486565878492
0.014074144464488538
0.01833111836028408
0.015321537776689825
0.013563383238282578
0.014074144464488538
0.01688947205131396
0.017687926319079224
0.017687926319079224
0.01688947205131396
0.014074144464488538
0.013563383238282578
0.01626990316838047
0.013775486565878492
0.017687926319079224
0.017444867924350873
0.017444867924350873
0.017687926319079224
0.013775486565878492
0.01626990316838047
0.01626990316838047
0.013775486565878492
0.017687926319079224
0.017444867924350873
0.017444867924350873
0.017687926319079224
0.013775486565878492
0.01626990316838047
0.013563383238282578
0.014074144464488538
0.01688947205131396
0.017687926319079224
0.017687926319079224
0.01688947205131396
0.014074144464488538
0.013563383238282578
0.015321537776689825
0.01833111836028408
0.014074144464488538
0.013775486565878492
0.013775486565878492
0.014074144464488538
0.01833111836028408
0.015321537776689825
0.015949778598452816
0.015321537776689825
0.013563383238282578
0.01626990316838047
0.01626990316838047
0.013563383238282578
0.015321537776689825
0.015949778598452816
0.01593024553427808
0.015127612627221591
0.013505959945836152
0.016484064131199575
0.016484064131199575
0.013505959945836152
0.015127612627221591
0.01593024553427808
0.015127612627221591
0.01830070108606382
0.01415054048352798
0.013903273115781812
0.013903273115781812
0.01415054048352798
0.01830070108606382
0.015127612627221591
0.013505959945836152
0.01415054048352798
0.016876869420117957
0.017470119768582943
0.017470119768582943
0.016876869420117957
0.01415054048352798
0.013505959945836152
0.016484064131199575
0.013903273115781812
0.017470119768582943
0.017609043815240026
0.017609043815240026
0.017470119768582943
0.013903273115781812
0.016484064131199575
0.016484064131199575
0.013903273115781812
0.017470119768582943
0.017609043815240026
0.017609043815240026
0.017470119768582943
0.013903273115781812
0.016484064131199575
0.013505959945836152
0.01415054048352798
0.016876869420117957
0.017470119768582943
0.017470119768582943
0.016876869420117957
0.01415054048352798
0.013505959945836152
0.015127612627221591
0.01830070108606382
0.01415054048352798
0.013903273115781812
0.013903273115781812
0.01415054048352798
0.01830070108606382
0.015127612627221591
0.01593024553427808
0.015127612627221591
0.013505959945836152
0.016484064131199575
0.016484064131199575
0.013505959945836152
0.015127612627221591
0.01593024553427808
0.015897212702181647
0.014913694078210912
0.013470461586206963
0.016710912789383872
0.016710912789383872
0.013470461586206963
0.014913694078210912
0.015897212702181647
0.014913694078210912
0.018272610876703687
0.014214005931492335
0.014020658387923853
0.014020658387923853
0.014214005931492335
0.018272610876703687
0.014913694078210912
0.013470461586206963
0.014214005931492335
0.016842452952744665
0.017278974706192076
0.017278974706192076
0.016842452952744665
0.014214005931492335
0.013470461586206963
0.016710912789383872
0.014020658387923853
0.017278974706192076
0.01777030850954997
0.01777030850954997
0.017278974706192076
0.014020658387923853
0.016710912789383872
0.016710912789383872
0.014020658387923853
0.017278974706192076
0.01777030850954997
0.01777030850954997
0.017278974706192076
0.014020658387923853
0.016710912789383872
0.013470461586206963
0.014214005931492335
0.016842452952744665
0.017278974706192076
0.017278974706192076
0.016842452952744665
0.014214005931492335
0.013470461586206963
0.014913694078210912
0.018272610876703687
0.014214005931492335
0.014020658387923853
0.014020658387923853
0.014214005931492335
0.018272610876703687
0.014913694078210912
0.015897212702181647
0.014913694078210912
0.013470461586206963
0.016710912789383872
0.016710912789383872
0.013470461586206963
0.014913694078210912
0.015897212702181647
0.015840317023238747
0.01469864596702724
0.013435136218881313
0.016941343294259628
0.016941343294259628
0.013435136218881313
0.01469864596702724
0.015840317023238747
0.01469864596702724
0.018258433058636402
0.014283986108881267
0.014137076097125608
0.014137076097125608
0.014283986108881267
0.018258433058636402
0.01469864596702724
0.013435136218881313
0.014283986108881267
0.01680138640165785
0.01709601090562146
0.01709601090562146
0.01680138640165785
0.014283986108881267
0.013435136218881313
0.016941343294259628
0.014137076097125608
0.01709601090562146
0.017915466332873956
0.017915466332873956
0.01709601090562146
0.014137076097125608
0.016941343294259628
0.016941343294259628
0.014137076097125608
0.01709601090562146
0.017915466332873956
0.017915466332873956
0.01709601090562146
0.014137076097125608
0.016941343294259628
0.013435136218881313
0.014283986108881267
0.01680138640165785
0.01709601090562146
0.01709601090562146
0.01680138640165785
0.014283986108881267
0.013435136218881313
0.01469864596702724
0.018258433058636402
0.014283986108881267
0.014137076097125608
0.014137076097125608
0.014283986108881267
0.018258433058636402
0.01469864596702724
0.015840317023238747
0.01469864596702724
0.013435136218881313
0.016941343294259628
0.016941343294259628
0.013435136218881313
0.01469864596702724
0.015840317023238747
0.015762267639522085
0.014473497657964681
0.013427896275203683
0.017174264402027052
0.017174264402027052
0.013427896275203683
0.014473497657964681
0.015762267639522085
0.014473497657964681
0.018217234032668027
0.014365214166712515
0.014253996767929072
0.014253996767929072
0.014365214166712515
0.018217234032668027
0.014473497657964681
0.013427896275203683
0.014365214166712515
0.016727102541978796
0.016918442245993235
0.016918442245993235
0.016727102541978796
0.014365214166712515
0.013427896275203683
0.017174264402027052
0.014253996767929072
0.016918442245993235
0.018066772754170627
0.018066772754170627
0.016918442245993235
0.014253996767929072
0.017174264402027052
0.017174264402027052
0.014253996767929072
0.016918442245993235
0.018066772754170627
0.018066772754170627
0.016918442245993235
0.014253996767929072
0.017174264402027052
0.013427896275203683
0.014365214166712515
0.016727102541978796
0.016918442245993235
0.016918442245993235
0.016727102541978796
0.014365214166712515
0.013427896275203683
0.014473497657964681
0.018217234032668027
0.014365214166712515
0.014253996767929072
0.014253996767929072
0.014365214166712515
0.018217234032668027
0.014473497657964681
0.015762267639522085
0.014473497657964681
0.013427896275203683
0.017174264402027052
0.017174264402027052
0.013427896275203683
0.014473497657964681
0.015762267639522085
0.01566145969782957
0.01428245508110186
0.013433559500728241
0.01739347737311086
0.01739347737311086
0.013433559500728241
0.01428245508110186
0.01566145969782957
0.01428245508110186
0.01819106790910711
0.014424975379515476
0.014389013627309292
0.014389013627309292
0.014424975379515476
0.01819106790910711
0.01428245508110186
0.013433559500728241
0.014424975379515476
0.016646169059405004
0.016724985432074516
0.016724985432074516
0.016646169059405004
0.014424975379515476
0.013433559500728241
0.01739347737311086
0.014389013627309292
0.016724985432074516
0.018204370545977858
0.018204370545977858
0.016724985432074516
0.014389013627309292
0.01739347737311086
0.01739347737311086
0.014389013627309292
0.016724985432074516
0.018204370545977858
0.018204370545977858
0.016724985432074516
0.014389013627309292
0.01739347737311086
0.013433559500728241
0.014424975379515476
0.016646169059405004
0.016724985432074516
0.016724985432074516
0.016646169059405004
0.014424975379515476
0.013433559500728241
0.01428245508110186
0.01819106790910711
0.014424975379515476
0.014389013627309292
0.014389013627309292
0.014424975379515476
0.01819106790910711
0.01428245508110186
0.01566145969782957
0.01428245508110186
0.013433559500728241
0.01739347737311086
0.01739347737311086
0.013433559500728241
0.01428245508110186
0.01566145969782957
0.00866827387490477
0.008636440996201864
0.015674904936256777
0.024960797221201505
0.024960797221201505
0.015674904936256777
0.008636440996201864
0.00866827387490477
0.008636440996201864
0.02438666338481922
0.018739495631077987
0.013662935410770682
0.013662935410770682
0.018739495631077987
0.02438666338481922
0.008636440996201864
0.015674904936256777
0.018739495631077987
0.009162451361972884
0.016894481414839024
0.016894481414839024
0.009162451361972884
0.018739495631077987
0.015674904936256777
0.024960797221201505
0.013662935410770682
0.016894481414839024
0.01064450015760743
0.01064450015760743
0.016894481414839024
0.013662935410770682
0.024960797221201505
0.024960797221201505
0.013662935410770682
0.016894481414839024
0.01064450015760743
0.01064450015760743
0.016894481414839024
0.013662935410770682
0.024960797221201505
0.015674904936256777
0.018739495631077987
0.009162451361972884
0.016894481414839024
0.016894481414839024
0.009162451361972884
0.018739495631077987
0.015674904936256777
0.008636440996201864
0.02438666338481922
0.018739495631077987
0.013662935410770682
0.013662935410770682
0.018739495631077987
0.02438666338481922
0.008636440996201864
0.00866827387490477
0.008636440996201864
0.015674904936256777
0.024960797221201505
0.024960797221201505
0.015674904936256777
0.008636440996201864
0.00866827387490477
0.014727214879109236
0.006524224959173571
0.012603806397595464
0.022173779460241266
0.022173779460241266
0.012603806397595464
0.006524224959173571
0.014727214879109236
0.006524224959173571
0.024658711432104224
0.019474117721218626
0.010945581083215082
0.010945581083215082
0.019474117721218626
0.024658711432104224
0.006524224959173571
0.012603806397595464
0.019474117721218626
0.014520508464481687
0.017876296157288345
0.017876296157288345
0.014520508464481687
0.019474117721218626
0.012603806397595464
0.022173779460241266
0.010945581083215082
0.017876296157288345
0.016897953666840135
0.016897953666840135
0.017876296157288345
0.010945581083215082
0.022173779460241266
0.022173779460241266
0.010945581083215082
0.017876296157288345
0.016897953666840135
0.016897953666840135
0.017876296157288345
0.010945581083215082
0.022173779460241266
0.012603806397595464
0.019474117721218626
0.014520508464481687
0.017876296157288345
0.017876296157288345
0.014520508464481687
0.019474117721218626
0.012603806397595464
0.006524224959173571
0.024658711432104224
0.019474117721218626
0.010945581083215082
0.010945581083215082
0.019474117721218626
0.024658711432104224
0.006524224959173571
0.014727214879109236
0.006524224959173571
0.012603806397595464
0.022173779460241266
0.022173779460241266
0.012603806397595464
0.006524224959173571
0.014727214879109236
0.014189762196447814
0.011498700174851374
0.015456296418347911
0.015736632641713683
0.015736632641713683
0.015456296418347911
0.011498700174851374
0.014189762196447814
0.011498700174851374
0.023170584017633274
0.015306359616965779
0.01180820884231378
0.01180820884231378
0.015306359616965779
0.023170584017633274
0.011498700174851374
0.015456296418347911
0.015306359616965779
0.016776627953804114
0.019420483178332327
0.019420483178332327
0.016776627953804114
0.015306359616965779
0.015456296418347911
0.015736632641713683
0.01180820884231378
0.019420483178332327
0.0174096640870651
0.0174096640870651
0.019420483178332327
0.01180820884231378
0.015736632641713683
0.015736632641713683
0.01180820884231378
0.019420483178332327
0.0174096640870651
0.0174096640870651
0.019420483178332327
0.01180820884231378
0.015736632641713683
0.015456296418347911
0.015306359616965779
0.016776627953804114
0.019420483178332327
0.019420483178332327
0.016776627953804114
0.015306359616965779
0.015456296418347911
0.011498700174851374
0.023170584017633274
0.015306359616965779
0.01180820884231378
0.01180820884231378
0.015306359616965779
0.023170584017633274
0.011498700174851374
0.014189762196447814
0.011498700174851374
0.015456296418347911
0.015736632641713683
0.015736632641713683
0.015456296418347911
0.011498700174851374
0.014189762196447814
0.012230244609352332
0.01462677570453521
0.015098696460730003
0.014194112591744737
0.014194112591744737
0.015098696460730003
0.01462677570453521
0.012230244609352332
0.01462677570453521
0.022497538706806812
0.012841913674288878
0.014753994833166762
0.014753994833166762
0.012841913674288878
0.022497538706806812
0.01462677570453521
0.015098696460730003
0.012841913674288878
0.01423482310080677
0.01977899215099461
0.01977899215099461
0.01423482310080677
0.012841913674288878
0.015098696460730003
0.014194112591744737
0.014753994833166762
0.01977899215099461
0.0184484227521137
0.0184484227521137
0.01977899215099461
0.014753994833166762
0.014194112591744737
0.014194112591744737
0.014753994833166762
0.01977899215099461
0.0184484227521137
0.0184484227521137
0.01977899215099461
0.014753994833166762
0.014194112591744737
0.015098696460730003
0.012841913674288878
0.01423482310080677
0.01977899215099461
0.01977899215099461
0.01423482310080677
0.012841913674288878
0.015098696460730003
0.01462677570453521
0.022497538706806812
0.012841913674288878
0.014753994833166762
0.014753994833166762
0.012841913674288878
0.022497538706806812
0.01462677570453521
0.012230244609352332
0.01462677570453521
0.015098696460730003
0.014194112591744737
0.014194112591744737
0.015098696460730003
0.01462677570453521
0.012230244609352332
0.012877119773401667
0.01423189381613573
0.013483824066719895
0.014952854583715477
0.014952854583715477
0.013483824066719895
0.01423189381613573
0.012877119773401667
0.01423189381613573
0.023642053507398297
0.014281275178984271
0.013368123572934964
0.013368123572934964
0.014281275178984271
0.023642053507398297
0.01423189381613573
0.013483824066719895
0.014281275178984271
0.012654261704408467
0.020584179980618737
0.020584179980618737
0.012654261704408467
0.014281275178984271
0.013483824066719895
0.014952854583715477
0.013368123572934964
0.020584179980618737
0.019022262616573388
0.019022262616573388
0.020584179980618737
0.013368123572934964
0.014952854583715477
0.014952854583715477
0.013368123572934964
0.020584179980618737
0.019022262616573388
0.019022262616573388
0.020584179980618737
0.013368123572934964
0.014952854583715477
0.013483824066719895
0.014281275178984271
0.012654261704408467
0.020584179980618737
0.020584179980618737
0.012654261704408467
0.014281275178984271
0.013483824066719895
0.01423189381613573
0.023642053507398297
0.014281275178984271
0.013368123572934964
0.013368123572934964
0.014281275178984271
0.023642053507398297
0.01423189381613573
0.012877119773401667
0.01423189381613573
0.013483824066719895
0.014952854583715477
0.014952854583715477
0.013483824066719895
0.01423189381613573
0.012877119773401667
0.014803291060141888
0.014473409144717255
0.012154982410185767
0.01638771367335945
0.01638771367335945
0.012154982410185767
0.014473409144717255
0.014803291060141888
0.014473409144717255
0.024337319967257017
0.01345873588627552
0.013906540067173677
0.013906540067173677
0.01345873588627552
0.024337319967257017
0.014473409144717255
0.012154982410185767
0.01345873588627552
0.015239599444083667
0.019226700976851623
0.019226700976851623
0.015239599444083667
0.01345873588627552
0.012154982410185767
0.01638771367335945
0.013906540067173677
0.019226700976851623
0.016403625211390827
0.016403625211390827
0.019226700976851623
0.013906540067173677
0.01638771367335945
0.01638771367335945
0.013906540067173677
0.019226700976851623
0.016403625211390827
0.016403625211390827
0.019226700976851623
0.013906540067173677
0.01638771367335945
0.012154982410185767
0.01345873588627552
0.015239599444083667
0.019226700976851623
0.019226700976851623
0.015239599444083667
0.01345873588627552
0.012154982410185767
0.014473409144717255
0.024337319967257017
0.01345873588627552
0.013906540067173677
0.013906540067173677
0.01345873588627552
0.024337319967257017
0.014473409144717255
0.014803291060141888
0.014473409144717255
0.012154982410185767
0.01638771367335945
0.01638771367335945
0.012154982410185767
0.014473409144717255
0.014803291060141888
0.013585385951343036
0.014415886152556106
0.013004677152651394
0.017132210396591765
0.017132210396591765
0.013004677152651394
0.014415886152556106
0.013585385951343036
0.014415886152556106
0.022536748278094168
0.013248742071059
0.013272230320026501
0.013272230320026501
0.013248742071059
0.022536748278094168
0.014415886152556106
0.013004677152651394
0.013248742071059
0.017446261074567187
0.017767237344722204
0.017767237344722204
0.017446261074567187
0.013248742071059
0.013004677152651394
0.017132210396591765
0.013272230320026501
0.017767237344722204
0.018749637820781692
0.018749637820781692
0.017767237344722204
0.013272230320026501
0.017132210396591765
0.017132210396591765
0.013272230320026501
0.017767237344722204
0.018749637820781692
0.018749637820781692
0.017767237344722204
0.013272230320026501
0.017132210396591765
0.013004677152651394
0.013248742071059
0.017446261074567187
0.017767237344722204
0.017767237344722204
0.017446261074567187
0.013248742071059
0.013004677152651394
0.014415886152556106
0.022536748278094168
0.013248742071059
0.013272230320026501
0.013272230320026501
0.013248742071059
0.022536748278094168
0.014415886152556106
0.013585385951343036
0.014415886152556106
0.013004677152651394
0.017132210396591765
0.017132210396591765
0.013004677152651394
0.014415886152556106
0.013585385951343036
0.015399092938069547
0.014197703643037
0.014033815815204827
0.015505317426747836
0.015505317426747836
0.014033815815204827
0.014197703643037
0.015399092938069547
0.014197703643037
0.02115699360072738
0.014256690015002403
0.014550936481186579
0.014550936481186579
0.014256690015002403
0.02115699360072738
0.014197703643037
0.014033815815204827
0.014256690015002403
0.015787503099716712
0.01695830994738051
0.01695830994738051
0.015787503099716712
0.014256690015002403
0.014033815815204827
0.015505317426747836
0.014550936481186579
0.01695830994738051
0.01865086370436801
0.01865086370436801
0.01695830994738051
0.014550936481186579
0.015505317426747836
0.015505317426747836
0.014550936481186579
0.01695830994738051
0.01865086370436801
0.01865086370436801
0.01695830994738051
0.014550936481186579
0.015505317426747836
0.014033815815204827
0.014256690015002403
0.015787503099716712
0.01695830994738051
0.01695830994738051
0.015787503099716712
0.014256690015002403
0.014033815815204827
0.014197703643037
0.02115699360072738
0.014256690015002403
0.014550936481186579
0.014550936481186579
0.014256690015002403
0.02115699360072738
0.014197703643037
0.015399092938069547
0.014197703643037
0.014033815815204827
0.015505317426747836
0.015505317426747836
0.014033815815204827
0.014197703643037
0.015399092938069547
0.01557926606494499
0.012999530249429087
0.013049691925608654
0.015549154860575362
0.015549154860575362
0.013049691925608654
0.012999530249429087
0.01557926606494499
0.012999530249429087
0.02222148399261266
0.015221625119210998
0.014207459553280533
0.014207459553280533
0.015221625119210998
0.02222148399261266
0.012999530249429087
0.013049691925608654
0.015221625119210998
0.01645964071729274
0.017574577466928486
0.017574577466928486
0.01645964071729274
0.015221625119210998
0.013049691925608654
0.015549154860575362
0.014207459553280533
0.017574577466928486
0.01853553087508335
0.01853553087508335
0.017574577466928486
0.014207459553280533
0.015549154860575362
0.015549154860575362
0.014207459553280533
0.017574577466928486
0.01853553087508335
0.01853553087508335
0.017574577466928486
0.014207459553280533
0.015549154860575362
0.013049691925608654
0.015221625119210998
0.01645964071729274
0.017574577466928486
0.017574577466928486
0.01645964071729274
0.015221625119210998
0.013049691925608654
0.012999530249429087
0.02222148399261266
0.015221625119210998
0.014207459553280533
0.014207459553280533
0.015221625119210998
0.02222148399261266
0.012999530249429087
0.01557926606494499
0.012999530249429087
0.013049691925608654
0.015549154860575362
0.015549154860575362
0.013049691925608654
0.012999530249429087
0.01557926606494499
0.014632474766817578
0.01330440292633566
0.01274221410006924
0.016649293887457103
0.016649293887457103
0.01274221410006924
0.01330440292633566
0.014632474766817578
0.01330440292633566
0.02158751668628612
0.014827041497542522
0.013628161345950249
0.013628161345950249
0.014827041497542522
0.02158751668628612
0.01330440292633566
0.01274221410006924
0.014827041497542522
0.017054984888873564
0.017364405178106272
0.017364405178106272
0.017054984888873564
0.014827041497542522
0.01274221410006924
0.016649293887457103
0.013628161345950249
0.017364405178106272
0.019693985787100673
0.019693985787100673
0.017364405178106272
0.013628161345950249
0.016649293887457103
0.016649293887457103
0.013628161345950249
0.017364405178106272
0.019693985787100673
0.019693985787100673
0.017364405178106272
0.013628161345950249
0.016649293887457103
0.01274221410006924
0.014827041497542522
0.017054984888873564
0.017364405178106272
0.017364405178106272
0.017054984888873564
0.014827041497542522
0.01274221410006924
0.01330440292633566
0.02158751668628612
0.014827041497542522
0.013628161345950249
0.013628161345950249
0.014827041497542522
0.02158751668628612
0.01330440292633566
0.014632474766817578
0.01330440292633566
0.01274221410006924
0.016649293887457103
0.016649293887457103
0.01274221410006924
0.01330440292633566
0.014632474766817578
0.014947033455803045
0.013793111983526275
0.01375548862504376
0.017548420457395547
0.017548420457395547
0.01375548862504376
0.013793111983526275
0.014947033455803045
0.013793111983526275
0.02137377117894315
0.015394582936621874
0.012638973699261044
0.012638973699261044
0.015394582936621874
0.02137377117894315
0.013793111983526275
0.01375548862504376
0.015394582936621874
0.017158454532607084
0.015602501380234769
0.015602501380234769
0.017158454532607084
0.015394582936621874
0.01375548862504376
0.017548420457395547
0.012638973699261044
0.015602501380234769
0.019054582668480195
0.019054582668480195
0.015602501380234769
0.012638973699261044
0.017548420457395547
0.017548420457395547
0.012638973699261044
0.015602501380234769
0.019054582668480195
0.019054582668480195
0.015602501380234769
0.012638973699261044
0.017548420457395547
0.01375548862504376
0.015394582936621874
0.017158454532607084
0.015602501380234769
0.015602501380234769
0.017158454532607084
0.015394582936621874
0.01375548862504376
0.013793111983526275
0.02137377117894315
0.015394582936621874
0.012638973699261044
0.012638973699261044
0.015394582936621874
0.02137377117894315
0.013793111983526275
0.014947033455803045
0.013793111983526275
0.01375548862504376
0.017548420457395547
0.017548420457395547
0.01375548862504376
0.013793111983526275
0.014947033455803045
0.01564589955057122
0.013493161539254924
0.014422396314154456
0.01800406689644516
0.01800406689644516
0.014422396314154456
0.013493161539254924
0.01564589955057122
0.013493161539254924
0.019365451540114015
0.01514044482775889
0.012568146262452354
0.012568146262452354
0.01514044482775889
0.019365451540114015
0.013493161539254924
0.014422396314154456
0.01514044482775889
0.01749725087506062
0.0153898891930389
0.0153898891930389
0.01749725087506062
0.01514044482775889
0.014422396314154456
0.01800406689644516
0.012568146262452354
0.0153898891930389
0.019455187968044754
0.019455187968044754
0.0153898891930389
0.012568146262452354
0.01800406689644516
0.01800406689644516
0.012568146262452354
0.0153898891930389
0.019455187968044754
0.019455187968044754
0.0153898891930389
0.012568146262452354
0.01800406689644516
0.014422396314154456
0.01514044482775889
0.01749725087506062
0.0153898891930389
0.0153898891930389
0.01749725087506062
0.01514044482775889
0.014422396314154456
0.013493161539254924
0.019365451540114015
0.01514044482775889
0.012568146262452354
0.012568146262452354
0.01514044482775889
0.019365451540114015
0.013493161539254924
0.01564589955057122
0.013493161539254924
0.014422396314154456
0.01800406689644516
0.01800406689644516
0.014422396314154456
0.013493161539254924
0.01564589955057122
0.015081980923740572
0.012876565159052293
0.014422993435223908
0.018561973912629856
0.018561973912629856
0.014422993435223908
0.012876565159052293
0.015081980923740572
0.012876565159052293
0.019675783242699165
0.01465753730589867
0.013076067229978299
0.013076067229978299
0.01465753730589867
0.019675783242699165
0.012876565159052293
0.014422993435223908
0.01465753730589867
0.018324551095817286
0.014770609626784746
0.014770609626784746
0.018324551095817286
0.01465753730589867
0.014422993435223908
0.018561973912629856
0.013076067229978299
0.014770609626784746
0.020186191398607424
0.020186191398607424
0.014770609626784746
0.013076067229978299
0.018561973912629856
0.018561973912629856
0.013076067229978299
0.014770609626784746
0.020186191398607424
0.020186191398607424
0.014770609626784746
0.013076067229978299
0.018561973912629856
0.014422993435223908
0.01465753730589867
0.018324551095817286
0.014770609626784746
0.014770609626784746
0.018324551095817286
0.01465753730589867
0.014422993435223908
0.012876565159052293
0.019675783242699165
0.01465753730589867
0.013076067229978299
0.013076067229978299
0.01465753730589867
0.019675783242699165
0.012876565159052293
0.015081980923740572
0.012876565159052293
0.014422993435223908
0.018561973912629856
0.018561973912629856
0.014422993435223908
0.012876565159052293
0.015081980923740572
0.014824418986010857
0.01284120707543402
0.014805512660633244
0.019477877196526442
0.019477877196526442
0.014805512660633244
0.01284120707543402
0.014824418986010857
0.01284120707543402
0.019589625209454835
0.014457641637996574
0.012719688989915427
0.012719688989915427
0.014457641637996574
0.019589625209454835
0.01284120707543402
0.014805512660633244
0.014457641637996574
0.018071119492674672
0.014289646311247475
0.014289646311247475
0.018071119492674672
0.014457641637996574
0.014805512660633244
0.019477877196526442
0.012719688989915427
0.014289646311247475
0.02033168856835329
0.02033168856835329
0.014289646311247475
0.012719688989915427
0.019477877196526442
0.019477877196526442
0.012719688989915427
0.014289646311247475
0.02033168856835329
0.02033168856835329
0.014289646311247475
0.012719688989915427
0.019477877196526442
0.014805512660633244
0.014457641637996574
0.018071119492674672
0.014289646311247475
0.014289646311247475
0.018071119492674672
0.014457641637996574
0.014805512660633244
0.01284120707543402
0.019589625209454835
0.014457641637996574
0.012719688989915427
0.012719688989915427
0.014457641637996574
0.019589625209454835
0.01284120707543402
0.014824418986010857
0.01284120707543402
0.014805512660633244
0.019477877196526442
0.019477877196526442
0.014805512660633244
0.01284120707543402
0.014824418986010857
0.014054241272570876
0.01296262655503879
0.014322180345423024
0.02015253712425458
0.02015253712425458
0.014322180345423024
0.01296262655503879
0.014054241272570876
0.01296262655503879
0.01858787107249704
0.014458770713671895
0.012792680400878323
0.012792680400878323
0.014458770713671895
0.01858787107249704
0.01296262655503879
0.014322180345423024
0.014458770713671895
0.01786089810894895
0.014862130513574165
0.014862130513574165
0.01786089810894895
0.014458770713671895
0.014322180345423024
0.02015253712425458
0.012792680400878323
0.014862130513574165
0.020395138240301574
0.020395138240301574
0.014862130513574165
0.012792680400878323
0.02015253712425458
0.02015253712425458
0.012792680400878323
0.014862130513574165
0.020395138240301574
0.020395138240301574
0.014862130513574165
0.012792680400878323
0.02015253712425458
0.014322180345423024
0.014458770713671895
0.01786089810894895
0.014862130513574165
0.014862130513574165
0.01786089810894895
0.014458770713671895
0.014322180345423024
0.01296262655503879
0.01858787107249704
0.014458770713671895
0.012792680400878323
0.012792680400878323
0.014458770713671895
0.01858787107249704
0.01296262655503879
0.014054241272570876
0.01296262655503879
0.014322180345423024
0.02015253712425458
0.02015253712425458
0.014322180345423024
0.01296262655503879
0.014054241272570876
0.014832737331053707
0.013227614093895628
0.014293934965522035
0.019155500712351108
0.019155500712351108
0.014293934965522035
0.013227614093895628
0.014832737331053707
0.013227614093895628
0.01750069772152653
0.015030896984222726
0.013611820049416289
0.013611820049416289
0.015030896984222726
0.01750069772152653
0.013227614093895628
0.014293934965522035
0.015030896984222726
0.017087181478045964
0.015226405247176918
0.015226405247176918
0.017087181478045964
0.015030896984222726
0.014293934965522035
0.019155500712351108
0.013611820049416289
0.015226405247176918
0.019487039364204334
0.019487039364204334
0.015226405247176918
0.013611820049416289
0.019155500712351108
0.019155500712351108
0.013611820049416289
0.015226405247176918
0.019487039364204334
0.019487039364204334
0.015226405247176918
0.013611820049416289
0.019155500712351108
0.014293934965522035
0.015030896984222726
0.017087181478045964
0.015226405247176918
0.015226405247176918
0.017087181478045964
0.015030896984222726
0.014293934965522035
0.013227614093895628
0.01750069772152653
0.015030896984222726
0.013611820049416289
0.013611820049416289
0.015030896984222726
0.01750069772152653
0.013227614093895628
0.014832737331053707
0.013227614093895628
0.014293934965522035
0.019155500712351108
0.019155500712351108
0.014293934965522035
0.013227614093895628
0.014832737331053707
0.014817368640393416
0.012660478461297524
0.013725352475372862
0.019642834997547706
0.019642834997547706
0.013725352475372862
0.012660478461297524
0.014817368640393416
0.012660478461297524
0.017343216280169008
0.014615611053238234
0.013382530988290151
0.013382530988290151
0.014615611053238234
0.017343216280169008
0.012660478461297524
0.013725352475372862
0.014615611053238234
0.017641598649779235
0.016065188024105923
0.016065188024105923
0.017641598649779235
0.014615611053238234
0.013725352475372862
0.019642834997547706
0.013382530988290151
0.016065188024105923
0.020013824429953534
0.020013824429953534
0.016065188024105923
0.013382530988290151
0.019642834997547706
0.019642834997547706
0.013382530988290151
0.016065188024105923
0.020013824429953534
0.020013824429953534
0.016065188024105923
0.013382530988290151
0.019642834997547706
0.013725352475372862
0.014615611053238234
0.017641598649779235
0.016065188024105923
0.016065188024105923
0.017641598649779235
0.014615611053238234
0.013725352475372862
0.012660478461297524
0.017343216280169008
0.014615611053238234
0.013382530988290151
0.013382530988290151
0.014615611053238234
0.017343216280169008
0.012660478461297524
0.014817368640393416
0.012660478461297524
0.013725352475372862
0.019642834997547706
0.019642834997547706
0.013725352475372862
0.012660478461297524
0.014817368640393416
0.01470905944888559
0.012086602646673439
0.013994842276481
0.01992171766830626
0.01992171766830626
0.013994842276481
0.012086602646673439
0.01470905944888559
0.012086602646673439
0.016845432583597386
0.014495797257338777
0.014235345264442607
0.014235345264442607
0.014495797257338777
0.016845432583597386
0.012086602646673439
0.013994842276481
0.014495797257338777
0.016811842276173695
0.01651602689829363
0.01651602689829363
0.016811842276173695
0.014495797257338777
0.013994842276481
0.01992171766830626
0.014235345264442607
0.01651602689829363
0.019133001668271934
0.019133001668271934
0.01651602689829363
0.014235345264442607
0.01992171766830626
0.01992171766830626
0.014235345264442607
0.01651602689829363
0.019133001668271934
0.019133001668271934
0.01651602689829363
0.014235345264442607
0.01992171766830626
0.013994842276481
0.014495797257338777
0.016811842276173695
0.01651602689829363
0.01651602689829363
0.016811842276173695
0.014495797257338777
0.013994842276481
0.012086602646673439
0.016845432583597386
0.014495797257338777
0.014235345264442607
0.014235345264442607
0.014495797257338777
0.016845432583597386
0.012086602646673439
0.01470905944888559
0.012086602646673439
0.013994842276481
0.01992171766830626
0.01992171766830626
0.013994842276481
0.012086602646673439
0.01470905944888559
0.015364798783516737
0.011949083205825297
0.013835024733169644
0.019229932169218956
0.019229932169218956
0.013835024733169644
0.011949083205825297
0.015364798783516737
0.011949083205825297
0.016417694433131184
0.014100317474362783
0.015285456021552148
0.015285456021552148
0.014100317474362783
0.016417694433131184
0.011949083205825297
0.013835024733169644
0.014100317474362783
0.016759661243312022
0.016888755558982168
0.016888755558982168
0.016759661243312022
0.014100317474362783
0.013835024733169644
0.019229932169218956
0.015285456021552148
0.016888755558982168
0.018880707213818043
0.018880707213818043
0.016888755558982168
0.015285456021552148
0.019229932169218956
0.019229932169218956
0.015285456021552148
0.016888755558982168
0.018880707213818043
0.018880707213818043
0.016888755558982168
0.015285456021552148
0.019229932169218956
0.013835024733169644
0.014100317474362783
0.016759661243312022
0.016888755558982168
0.016888755558982168
0.016759661243312022
0.014100317474362783
0.013835024733169644
0.011949083205825297
0.016417694433131184
0.014100317474362783
0.015285456021552148
0.015285456021552148
0.014100317474362783
0.016417694433131184
0.011949083205825297
0.015364798783516737
0.011949083205825297
0.013835024733169644
0.019229932169218956
0.019229932169218956
0.013835024733169644
0.011949083205825297
0.015364798783516737
0.016118404844650106
0.012316870139151241
0.013457372846042084
0.019277151231033383
0.019277151231033383
0.013457372846042084
0.012316870139151241
0.016118404844650106
0.012316870139151241
0.016958369860097085
0.014449177073177454
0.015432591038246735
0.015432591038246735
0.014449177073177454
0.016958369860097085
0.012316870139151241
0.013457372846042084
0.014449177073177454
0.016103547370162362
0.01615189223655134
0.01615189223655134
0.016103547370162362
0.014449177073177454
0.013457372846042084
0.019277151231033383
0.015432591038246735
0.01615189223655134
0.01864956879668597
0.01864956879668597
0.01615189223655134
0.015432591038246735
0.019277151231033383
0.019277151231033383
0.015432591038246735
0.01615189223655134
0.01864956879668597
0.01864956879668597
0.01615189223655134
0.015432591038246735
0.019277151231033383
0.013457372846042084
0.014449177073177454
0.016103547370162362
0.01615189223655134
0.01615189223655134
0.016103547370162362
0.014449177073177454
0.013457372846042084
0.012316870139151241
0.016958369860097085
0.014449177073177454
0.015432591038246735
0.015432591038246735
0.014449177073177454
0.016958369860097085
0.012316870139151241
0.016118404844650106
0.012316870139151241
0.013457372846042084
0.019277151231033383
0.019277151231033383
0.013457372846042084
0.012316870139151241
0.016118404844650106
0.015920035687890046
0.012890598004093487
0.013175303031896783
0.01877293940402823
0.01877293940402823
0.013175303031896783
0.012890598004093487
0.015920035687890046
0.012890598004093487
0.017235384211741048
0.014704480708347243
0.015808091981273868
0.015808091981273868
0.014704480708347243
0.017235384211741048
0.012890598004093487
0.013175303031896783
0.014704480708347243
0.016250961885154
0.015830691977902652
0.015830691977902652
0.016250961885154
0.014704480708347243
0.013175303031896783
0.01877293940402823
0.015808091981273868
0.015830691977902652
0.018229408000130388
0.018229408000130388
0.015830691977902652
0.015808091981273868
0.01877293940402823
0.01877293940402823
0.015808091981273868
0.015830691977902652
0.018229408000130388
0.018229408000130388
0.015830691977902652
0.015808091981273868
0.01877293940402823
0.013175303031896783
0.014704480708347243
0.016250961885154
0.015830691977902652
0.015830691977902652
0.016250961885154
0.014704480708347243
0.013175303031896783
0.012890598004093487
0.017235384211741048
0.014704480708347243
0.015808091981273868
0.015808091981273868
0.014704480708347243
0.017235384211741048
0.012890598004093487
0.015920035687890046
0.012890598004093487
0.013175303031896783
0.01877293940402823
0.01877293940402823
0.013175303031896783
0.012890598004093487
0.015920035687890046
0.015745575195645962
0.012535904328376039
0.013057858252086036
0.019245207127406377
0.019245207127406377
0.013057858252086036
0.012535904328376039
0.015745575195645962
0.012535904328376039
0.017437893357594176
0.015259073234554952
0.015982606412690833
0.015982606412690833
0.015259073234554952
0.017437893357594176
0.012535904328376039
0.013057858252086036
0.015259073234554952
0.016026399361499848
0.015117181806446492
0.015117181806446492
0.016026399361499848
0.015259073234554952
0.013057858252086036
0.019245207127406377
0.015982606412690833
0.015117181806446492
0.018394469762138533
0.018394469762138533
0.015117181806446492
0.015982606412690833
0.019245207127406377
0.019245207127406377
0.015982606412690833
0.015117181806446492
0.018394469762138533
0.018394469762138533
0.015117181806446492
0.015982606412690833
0.019245207127406377
0.013057858252086036
0.015259073234554952
0.016026399361499848
0.015117181806446492
0.015117181806446492
0.016026399361499848
0.015259073234554952
0.013057858252086036
0.012535904328376039
0.017437893357594176
0.015259073234554952
0.015982606412690833
0.015982606412690833
0.015259073234554952
0.017437893357594176
0.012535904328376039
0.015745575195645962
0.012535904328376039
0.013057858252086036
0.019245207127406377
0.019245207127406377
0.013057858252086036
0.012535904328376039
0.015745575195645962
0.015332087198980425
0.012294761994981742
0.012991356143309346
0.019313098088771755
0.019313098088771755
0.012991356143309346
0.012294761994981742
0.015332087198980425
0.012294761994981742
0.016800451376463105
0.014807345835764823
0.01658425652979818
0.01658425652979818
0.014807345835764823
0.016800451376463105
0.012294761994981742
0.012991356143309346
0.014807345835764823
0.015667250840432703
0.01570691708303672
0.01570691708303672
0.015667250840432703
0.014807345835764823
0.012991356143309346
0.019313098088771755
0.01658425652979818
0.01570691708303672
0.018804739232798646
0.018804739232798646
0.01570691708303672
0.01658425652979818
0.019313098088771755
0.019313098088771755
0.01658425652979818
0.01570691708303672
0.018804739232798646
0.018804739232798646
0.01570691708303672
0.01658425652979818
0.019313098088771755
0.012991356143309346
0.014807345835764823
0.015667250840432703
0.01570691708303672
0.01570691708303672
0.015667250840432703
0.014807345835764823
0.012991356143309346
0.012294761994981742
0.016800451376463105
0.014807345835764823
0.01658425652979818
0.01658425652979818
0.014807345835764823
0.016800451376463105
0.012294761994981742
0.015332087198980425
0.012294761994981742
0.012991356143309346
0.019313098088771755
0.019313098088771755
0.012991356143309346
0.012294761994981742
0.015332087198980425
0.015744124035243032
0.012118670027830243
0.01250763651305189
0.019592536988818653
0.019592536988818653
0.01250763651305189
0.012118670027830243
0.015744124035243032
0.012118670027830243
0.016858999343996206
0.014775256177162674
0.016935676766047524
0.016935676766047524
0.014775256177162674
0.016858999343996206
0.012118670027830243
0.01250763651305189
0.014775256177162674
0.015224275759390001
0.015546646968957032
0.015546646968957032
0.015224275759390001
0.014775256177162674
0.01250763651305189
0.019592536988818653
0.016935676766047524
0.015546646968957032
0.019219753977634715
0.019219753977634715
0.015546646968957032
0.016935676766047524
0.019592536988818653
0.019592536988818653
0.016935676766047524
0.015546646968957032
0.019219753977634715
0.019219753977634715
0.015546646968957032
0.016935676766047524
0.019592536988818653
0.01250763651305189
0.014775256177162674
0.015224275759390001
0.015546646968957032
0.015546646968957032
0.015224275759390001
0.014775256177162674
0.01250763651305189
0.012118670027830243
0.016858999343996206
0.014775256177162674
0.016935676766047524
0.016935676766047524
0.014775256177162674
0.016858999343996206
0.012118670027830243
0.015744124035243032
0.012118670027830243
0.01250763651305189
0.019592536988818653
0.019592536988818653
0.01250763651305189
0.012118670027830243
0.015744124035243032
0.015389497762842774
0.012615404258293276
0.012475548995278543
0.019757555726848362
0.019757555726848362
0.012475548995278543
0.012615404258293276
0.015389497762842774
0.012615404258293276
0.016220424138391958
0.014703421988554956
0.01704339728012732
0.01704339728012732
0.014703421988554956
0.016220424138391958
0.012615404258293276
0.012475548995278543
0.014703421988554956
0.01568162065844939
0.015030820790325547
0.015030820790325547
0.01568162065844939
0.014703421988554956
0.012475548995278543
0.019757555726848362
0.01704339728012732
0.015030820790325547
0.019456159361459856
0.019456159361459856
0.015030820790325547
0.01704339728012732
0.019757555726848362
0.019757555726848362
0.01704339728012732
0.015030820790325547
0.019456159361459856
0.019456159361459856
0.015030820790325547
0.01704339728012732
0.019757555726848362
0.012475548995278543
0.014703421988554956
0.01568162065844939
0.015030820790325547
0.015030820790325547
0.01568162065844939
0.014703421988554956
0.012475548995278543
0.012615404258293276
0.016220424138391958
0.014703421988554956
0.01704339728012732
0.01704339728012732
0.014703421988554956
0.016220424138391958
0.012615404258293276
0.015389497762842774
0.012615404258293276
0.012475548995278543
0.019757555726848362
0.019757555726848362
0.012475548995278543
0.012615404258293276
0.015389497762842774
0.015102322855099833
0.012785467417543193
0.01269986951668616
0.019921420156967313
0.019921420156967313
0.01269986951668616
0.012785467417543193
0.015102322855099833
0.012785467417543193
0.01625885621480956
0.014374762427262577
0.01715604881233557
0.01715604881233557
0.014374762427262577
0.01625885621480956
0.012785467417543193
0.01269986951668616
0.014374762427262577
0.015554841346398224
0.01492844681664319
0.01492844681664319
0.015554841346398224
0.014374762427262577
0.01269986951668616
0.019921420156967313
0.01715604881233557
0.01492844681664319
0.019351949288816374
0.019351949288816374
0.01492844681664319
0.01715604881233557
0.019921420156967313
0.019921420156967313
0.01715604881233557
0.01492844681664319
0.019351949288816374
0.019351949288816374
0.01492844681664319
0.01715604881233557
0.019921420156967313
0.01269986951668616
0.014374762427262577
0.015554841346398224
0.01492844681664319
0.01492844681664319
0.015554841346398224
0.014374762427262577
0.01269986951668616
0.012785467417543193
0.01625885621480956
0.014374762427262577
0.01715604881233557
0.01715604881233557
0.014374762427262577
0.01625885621480956
0.012785467417543193
0.015102322855099833
0.012785467417543193
0.01269986951668616
0.019921420156967313
0.019921420156967313
0.01269986951668616
0.012785467417543193
0.015102322855099833
0.014822613826894033
0.0127062441608571
0.01315733672634141
0.01983384158542883
0.01983384158542883
0.01315733672634141
0.0127062441608571
0.014822613826894033
0.0127062441608571
0.01675646566043286
0.014305939597138658
0.01725480708953158
0.01725480708953158
0.014305939597138658
0.01675646566043286
0.0127062441608571
0.01315733672634141
0.014305939597138658
0.015424182483728982
0.014728487494720452
0.014728487494720452
0.015424182483728982
0.014305939597138658
0.01315733672634141
0.01983384158542883
0.01725480708953158
0.014728487494720452
0.01902342472090813
0.01902342472090813
0.014728487494720452
0.01725480708953158
0.01983384158542883
0.01983384158542883
0.01725480708953158
0.014728487494720452
0.01902342472090813
0.01902342472090813
0.014728487494720452
0.01725480708953158
0.01983384158542883
0.01315733672634141
0.014305939597138658
0.015424182483728982
0.014728487494720452
0.014728487494720452
0.015424182483728982
0.014305939597138658
0.01315733672634141
0.0127062441608571
0.01675646566043286
0.014305939597138658
0.01725480708953158
0.01725480708953158
0.014305939597138658
0.01675646566043286
0.0127062441608571
0.014822613826894033
0.0127062441608571
0.01315733672634141
0.01983384158542883
0.01983384158542883
0.01315733672634141
0.0127062441608571
0.014822613826894033
0.014528652560809098
0.012553175356108557
0.013769825518742578
0.019690756989864402
0.019690756989864402
0.013769825518742578
0.012553175356108557
0.014528652560809098
0.012553175356108557
0.01622757602769682
0.01425851900329795
0.01718506698847708
0.01718506698847708
0.01425851900329795
0.01622757602769682
0.012553175356108557
0.013769825518742578
0.01425851900329795
0.014935573477990037
0.015051686634993094
0.015051686634993094
0.014935573477990037
0.01425851900329795
0.013769825518742578
0.019690756989864402
0.01718506698847708
0.015051686634993094
0.01929013695053671
0.01929013695053671
0.015051686634993094
0.01718506698847708
0.019690756989864402
0.019690756989864402
0.01718506698847708
0.015051686634993094
0.01929013695053671
0.01929013695053671
0.015051686634993094
0.01718506698847708
0.019690756989864402
0.013769825518742578
0.01425851900329795
0.014935573477990037
0.015051686634993094
0.015051686634993094
0.014935573477990037
0.01425851900329795
0.013769825518742578
0.012553175356108557
0.01622757602769682
0.01425851900329795
0.01718506698847708
0.01718506698847708
0.01425851900329795
0.01622757602769682
0.012553175356108557
0.014528652560809098
0.012553175356108557
0.013769825518742578
0.019690756989864402
0.019690756989864402
0.013769825518742578
0.012553175356108557
0.014528652560809098
0.01405194295352216
0.013018999352398255
0.014032010680384299
0.01986616138621232
0.01986616138621232
0.014032010680384299
0.013018999352398255
0.01405194295352216
0.013018999352398255
0.015993269198300908
0.014048480899606385
0.01738182978135877
0.01738182978135877
0.014048480899606385
0.015993269198300908
0.013018999352398255
0.014032010680384299
0.014048480899606385
0.01451347366953065
0.01478021538485766
0.01478021538485766
0.01451347366953065
0.014048480899606385
0.014032010680384299
0.01986616138621232
0.01738182978135877
0.01478021538485766
0.019185919209010898
0.019185919209010898
0.01478021538485766
0.01738182978135877
0.01986616138621232
0.01986616138621232
0.01738182978135877
0.01478021538485766
0.019185919209010898
0.019185919209010898
0.01478021538485766
0.01738182978135877
0.01986616138621232
0.014032010680384299
0.014048480899606385
0.01451347366953065
0.01478021538485766
0.01478021538485766
0.01451347366953065
0.014048480899606385
0.014032010680384299
0.013018999352398255
0.015993269198300908
0.014048480899606385
0.01738182978135877
0.01738182978135877
0.014048480899606385
0.015993269198300908
0.013018999352398255
0.01405194295352216
0.013018999352398255
0.014032010680384299
0.01986616138621232
0.01986616138621232
0.014032010680384299
0.013018999352398255
0.01405194295352216
