0.0
-0.06872891591353963
0.06872891591353963
-0.059388946103673186
-0.1003968253968254
0.02195945945945946
0.059388946103673186
-0.02195945945945946
0.1003968253968254
0.0008270148423548698
-0.08363802559414991
0.05791015625
0.025443838987519774
-0.06335616438356165
0.10812356979405034
0.018529141808168885
-0.10714285714285714
0.06048387096774194
-0.0008270148423548698
-0.05791015625
0.08363802559414991
-0.018529141808168885
-0.06048387096774194
0.10714285714285714
-0.025443838987519774
-0.10812356979405034
0.06335616438356165
-0.004403400847310081
-0.08137198622273249
0.07107469512195122
-0.10818385650224215
-0.08333333333333333
-0.03571428571428571
0.015337423312883436
-0.09114583333333333
0.11596385542168675
-0.0027399364949298372
-0.0860655737704918
0.04145408163265306
-0.0038694656885697935
-0.08429228998849252
0.050268496420047735
0.016376582278481013
-0.08333333333333333
0.09110169491525423
0.005005462988254575
-0.05346820809248555
0.07313829787234043
-0.1118421052631579
-0.075
0.125
-0.05290205562273277
-0.10393258426966293
0.06944444444444445
0.004403400847310081
-0.07107469512195122
0.08137198622273249
-0.015337423312883436
-0.11596385542168675
0.09114583333333333
0.10818385650224215
0.03571428571428571
0.08333333333333333
-0.005005462988254575
-0.07313829787234043
0.05346820809248555
0.05290205562273277
-0.06944444444444445
0.10393258426966293
0.1118421052631579
-0.125
0.075
0.0027399364949298372
-0.04145408163265306
0.0860655737704918
-0.016376582278481013
-0.09110169491525423
0.08333333333333333
0.0038694656885697935
-0.050268496420047735
0.08429228998849252
-0.0050220255333034225
-0.05822182192485847
0.053932909196067094
-0.07330508474576271
-0.125
0.08333333333333333
0.03263274336283186
0.009615384615384616
0.10416666666666667
-0.018550012597631647
-0.09090909090909091
0.06272893772893773
-0.01804812834224599
-0.11413043478260869
0.03804347826086957
-0.04066265060240964
-0.08653846153846154
-0.05357142857142857
0.0006406350799225862
-0.09081632653061225
0.08656609195402298
0.019067796610169493
-0.125
0.08152173913043478
0.04278355671134227
-0.022058823529411766
0.10307017543859649
0.04279361598440546
-0.05196629213483146
0.07079646017699115
-0.10775862068965517
-0.08653846153846154
0.125
0.0509020618556701
0.0625
0.1
0.010168901215475262
-0.05442866801893171
0.0629124175164967
0.013671297057373006
-0.05560109289617486
0.07612407512805919
0.03217729970326409
-0.061764705882352944
0.0641025641025641
0.0045933531477978925
-0.006218905472636816
0.07738095238095238
-0.09722222222222222
-0.125
0.125
-0.0515993907083016
-0.07272727272727272
0.041666666666666664
0.0022382191035025104
-0.05839002267573696
0.030973451327433628
0.004739336492890996
-0.125
0.125
0.049072265625
0.075
0.1
-0.01699262276185353
-0.06291946308724833
0.0846774193548387
-0.05251597444089457
-0.10714285714285714
0.0625
0
0
0
-0.008776495079485238
-0.040137614678899085
0.0775
-0.008177570093457943
-0.08333333333333333
-0.022058823529411766
-0.01758846475341321
-0.09655172413793103
0.09846368715083799
0.0050220255333034225
-0.053932909196067094
0.05822182192485847
-0.03263274336283186
-0.10416666666666667
-0.009615384615384616
0.07330508474576271
-0.08333333333333333
0.125
-0.0006406350799225862
-0.08656609195402298
0.09081632653061225
-0.04278355671134227
-0.10307017543859649
0.022058823529411766
-0.019067796610169493
-0.08152173913043478
0.125
0.018550012597631647
-0.06272893772893773
0.09090909090909091
0.04066265060240964
0.05357142857142857
0.08653846153846154
0.01804812834224599
-0.03804347826086957
0.11413043478260869
-0.0022382191035025104
-0.030973451327433628
0.05839002267573696
-0.049072265625
-0.1
-0.075
-0.004739336492890996
-0.125
0.125
0.008776495079485238
-0.0775
0.040137614678899085
0.01758846475341321
-0.09846368715083799
0.09655172413793103
0.008177570093457943
0.022058823529411766
0.08333333333333333
0.01699262276185353
-0.0846774193548387
0.06291946308724833
0
0
0
0.05251597444089457
-0.0625
0.10714285714285714
-0.04279361598440546
-0.07079646017699115
0.05196629213483146
-0.0509020618556701
-0.1
-0.0625
0.10775862068965517
-0.125
0.08653846153846154
-0.0045933531477978925
-0.07738095238095238
0.006218905472636816
0.0515993907083016
-0.041666666666666664
0.07272727272727272
0.09722222222222222
-0.125
0.125
-0.010168901215475262
-0.0629124175164967
0.05442866801893171
-0.03217729970326409
-0.0641025641025641
0.061764705882352944
-0.013671297057373006
-0.07612407512805919
0.05560109289617486
-0.000381218488876353
-0.02293125112188117
0.031835576669305886
-0.10452853598014888
-0.08823529411764706
-0.0125
0.02072192513368984
0.07971014492753623
0.08018867924528301
-0.015513126491646777
-0.04918981481481482
-0.044984076433121016
-0.05254237288135593
0.051605504587155966
-0.0875
-0.034523809523809526
-0.10119047619047619
0.03125
0.0027499455456327596
-0.06644144144144144
-0.013059701492537313
-0.009057971014492754
0.021551724137931036
0.075
-0.02199074074074074
-0.06884057971014493
0.0
-0.012816901408450704
-0.02980769230769231
0.011973180076628353
-0.09547244094488189
-0.09722222222222222
0
-0.02736318407960199
-0.009375
0.125
0.02816358024691358
-0.026041666666666668
0.05709876543209876
-0.07251034278959811
-0.07074468085106383
0.007716049382716049
-0.04280821917808219
-0.10227272727272728
0.025
-0.0111003861003861
-0.078125
-0.013888888888888888
-0.08333333333333333
-0.125
0
-0.0640625
-0.03289473684210526
0.125
0.0013953705432144857
-0.07342406876790832
0.04272151898734177
-0.020590682196339433
-0.009615384615384616
0.09745762711864407
0.034375
-0.05
0.09166666666666666
0.011770304568527918
-0.008333333333333333
0.03676470588235294
0.011075949367088608
0.09722222222222222
0.05
0.09166666666666666
-0.125
0.125
0.017275528169014086
-0.0825
0.10108695652173913
-0.008704735376044569
-0.041666666666666664
0.08653846153846154
0.0032515419683561276
-0.025610583446404343
0.06473214285714286
-0.00023354412187410177
-0.06349206349206349
-0.0006327657616198803
-0.11944444444444445
-0.125
-0.078125
0.036290322580645164
0.08653846153846154
0.1196236559139785
0.018331226295828066
-0.03260869565217391
0.041882556131260795
0.035
-0.1
-0.07397959183673469
0.0
-0.06944444444444445
0.09166666666666666
-0.007239037178265014
-0.07490808823529412
-0.031156156156156155
0.046296296296296294
-0.125
-0.125
0.022633418043202035
-0.05277777777777778
0.06043956043956044
0.012882534222031105
-0.054761312779711586
0.04104508196721311
-0.08644278606965174
-0.10087719298245613
-0.016025641025641024
0.029449018366054465
-0.01838235294117647
0.05642361111111111
0.012515974375880116
-0.037040703199239786
0.04632429917413051
0.02686183172908141
-0.022182359117955897
0.04941054091539528
0.021134213147410357
0.008032128514056224
0.04720172201722017
0.013012717931441084
-0.045574886535552195
0.04020100502512563
-0.06125
-0.09259259259259259
0.075
-0.0265625
-0.045454545454545456
0.02194656488549618
0.01034940036900369
-0.03337378640776699
0.04292929292929293
-0.01488095238095238
-0.041666666666666664
-0.05
0.058823529411764705
0.013888888888888888
0.11785714285714285
0.013726309921962096
-0.04368029739776952
0.0827826725403818
-0.008458646616541353
-0.09722222222222222
-0.017857142857142856
0
0
0
0.005199154035953472
-0.052655677655677656
0.059343434343434344
0.0235655737704918
-0.012096774193548387
-0.03515625
0.0024484536082474227
-0.017657992565055763
0.0625
0.00043821209465381246
-0.07302405498281787
0.0725
-0.07118055555555555
-0.025
0.0
0.08603896103896104
0.125
0.125
0.01593521421107628
-0.058333333333333334
0.05357142857142857
-0.047388059701492534
-0.041666666666666664
0.125
0.010416666666666666
0.125
0.125
0.020460160592958618
-0.012589928057553957
0.10416666666666667
0.07753164556962025
0.04807692307692308
0.125
0.0703781512605042
-0.020833333333333332
0.125
0.006348839893801223
-0.07602067868504772
0.028611632270168854
-0.10755813953488372
-0.046875
0
-0.020491803278688523
-0.02877697841726619
0.08928571428571429
0.024668141592920353
0.012135922330097087
0.024822695035460994
-0.024139322216245294
0.022206303724928367
0.04963235294117647
-0.09090909090909091
-0.0390625
0.0
0
0
0
0
0
0
0
0
0
-0.0019066503965832825
-0.028747433264887063
0.042045454545454546
-0.050492610837438424
-0.07236842105263158
0.041666666666666664
0.056818181818181816
0.0625
0.125
-0.017288226997428026
-0.03658059467918623
-0.005973193473193473
-0.05018587360594796
-0.04242424242424243
-0.029347826086956522
-0.0625
0
0
-0.007284852603856936
-0.05813679245283019
0.051258992805755396
-0.041048728813559324
-0.045454545454545456
0.016666666666666666
-0.052794204612655236
-0.056304520222045996
-0.014598540145985401
0.000381218488876353
-0.031835576669305886
0.02293125112188117
-0.02072192513368984
-0.08018867924528301
-0.07971014492753623
0.10452853598014888
0.0125
0.08823529411764706
-0.0027499455456327596
0.013059701492537313
0.06644144144144144
0.02199074074074074
0.0
0.06884057971014493
0.009057971014492754
-0.075
-0.021551724137931036
0.015513126491646777
0.044984076433121016
0.04918981481481482
0.034523809523809526
-0.03125
0.10119047619047619
0.05254237288135593
0.0875
-0.051605504587155966
-0.0013953705432144857
-0.04272151898734177
0.07342406876790832
-0.034375
-0.09166666666666666
0.05
0.020590682196339433
-0.09745762711864407
0.009615384615384616
-0.017275528169014086
-0.10108695652173913
0.0825
-0.0032515419683561276
-0.06473214285714286
0.025610583446404343
0.008704735376044569
-0.08653846153846154
0.041666666666666664
-0.011770304568527918
-0.03676470588235294
0.008333333333333333
-0.09166666666666666
-0.125
0.125
-0.011075949367088608
-0.05
-0.09722222222222222
0.012816901408450704
-0.011973180076628353
0.02980769230769231
0.02736318407960199
-0.125
0.009375
0.09547244094488189
0
0.09722222222222222
0.0111003861003861
0.013888888888888888
0.078125
0.0640625
-0.125
0.03289473684210526
0.08333333333333333
0
0.125
-0.02816358024691358
-0.05709876543209876
0.026041666666666668
0.04280821917808219
-0.025
0.10227272727272728
0.07251034278959811
-0.007716049382716049
0.07074468085106383
-0.00043821209465381246
-0.0725
0.07302405498281787
-0.08603896103896104
-0.125
-0.125
0.07118055555555555
0.0
0.025
-0.020460160592958618
-0.10416666666666667
0.012589928057553957
-0.0703781512605042
-0.125
0.020833333333333332
-0.07753164556962025
-0.125
-0.04807692307692308
-0.01593521421107628
-0.05357142857142857
0.058333333333333334
-0.010416666666666666
-0.125
-0.125
0.047388059701492534
-0.125
0.041666666666666664
0.0019066503965832825
-0.042045454545454546
0.028747433264887063
-0.056818181818181816
-0.125
-0.0625
0.050492610837438424
-0.041666666666666664
0.07236842105263158
0.007284852603856936
-0.051258992805755396
0.05813679245283019
0.052794204612655236
0.014598540145985401
0.056304520222045996
0.041048728813559324
-0.016666666666666666
0.045454545454545456
0.017288226997428026
0.005973193473193473
0.03658059467918623
0.0625
0
0
0.05018587360594796
0.029347826086956522
0.04242424242424243
-0.006348839893801223
-0.028611632270168854
0.07602067868504772
0.020491803278688523
-0.08928571428571429
0.02877697841726619
0.10755813953488372
0
0.046875
0
0
0
0
0
0
0
0
0
-0.024668141592920353
-0.024822695035460994
-0.012135922330097087
0.09090909090909091
0.0
0.0390625
0.024139322216245294
-0.04963235294117647
-0.022206303724928367
0.00023354412187410177
0.0006327657616198803
0.06349206349206349
-0.036290322580645164
-0.1196236559139785
-0.08653846153846154
0.11944444444444445
0.078125
0.125
0.007239037178265014
0.031156156156156155
0.07490808823529412
-0.022633418043202035
-0.06043956043956044
0.05277777777777778
-0.046296296296296294
0.125
0.125
-0.018331226295828066
-0.041882556131260795
0.03260869565217391
0.0
-0.09166666666666666
0.06944444444444445
-0.035
0.07397959183673469
0.1
-0.01034940036900369
-0.04292929292929293
0.03337378640776699
-0.058823529411764705
-0.11785714285714285
-0.013888888888888888
0.01488095238095238
0.05
0.041666666666666664
-0.005199154035953472
-0.059343434343434344
0.052655677655677656
-0.0024484536082474227
-0.0625
0.017657992565055763
-0.0235655737704918
0.03515625
0.012096774193548387
-0.013726309921962096
-0.0827826725403818
0.04368029739776952
0
0
0
0.008458646616541353
0.017857142857142856
0.09722222222222222
-0.012882534222031105
-0.04104508196721311
0.054761312779711586
-0.029449018366054465
-0.05642361111111111
0.01838235294117647
0.08644278606965174
0.016025641025641024
0.10087719298245613
-0.013012717931441084
-0.04020100502512563
0.045574886535552195
0.0265625
-0.02194656488549618
0.045454545454545456
0.06125
-0.075
0.09259259259259259
-0.012515974375880116
-0.04632429917413051
0.037040703199239786
-0.021134213147410357
-0.04720172201722017
-0.008032128514056224
-0.02686183172908141
-0.04941054091539528
0.022182359117955897
-0.0282156368221942
-0.10496641074856046
0.058712121212121215
-0.07142857142857142
-0.125
-0.0625
0.046875
0.0
0
-0.08231707317073171
0.0
-0.125
-0.056818181818181816
-0.017857142857142856
0.125
-0.125
-0.08333333333333333
0
-0.057291666666666664
-0.09239130434782608
0.04807692307692308
0.05
0.0
0
-0.07670454545454546
-0.109375
0.125
-0.061241610738255035
-0.07692307692307693
-0.125
0
-0.125
0
-0.07692307692307693
-0.125
0.125
-0.08928571428571429
-0.125
0.125
-0.02925531914893617
-0.03017241379310345
0.125
-0.11479591836734694
-0.125
0.125
-0.09523809523809523
-0.08333333333333333
0
0
0
0
-0.075
-0.125
-0.125
0.03159340659340659
-0.10119047619047619
0.0
-0.05921052631578947
0
0.0
0.125
0
0
-0.078125
0.0
0
0.09868421052631579
0
0.125
0
0
0
-0.1179245283018868
-0.125
0.125
0.0
0
-0.125
-0.03869047619047619
-0.0673076923076923
0.11029411764705882
-0.10405405405405406
-0.04965753424657534
-0.125
0
0
0
0
0
0
-0.125
-0.11217948717948718
0.125
0.0
-0.125
-0.125
-0.125
0
0
0.04487179487179487
0.0
0.09375
-0.125
-0.125
0
-0.05403225806451613
-0.11931818181818182
0
-0.125
-0.125
0
0
0
0
0.125
-0.125
0
-0.06388888888888888
-0.058333333333333334
-0.025
-0.05078555678059537
-0.052083333333333336
0.05227272727272727
-0.05434782608695652
-0.041666666666666664
0
-0.03571428571428571
-0.125
0
0
0
0
-0.0625
-0.125
0
-0.03282828282828283
0.08928571428571429
-0.0625
-0.125
0
-0.125
0
0
0
-0.10526315789473684
0.125
0
-0.041666666666666664
0
0
0
0
0
-0.07954545454545454
-0.125
0
0
0.041666666666666664
0
-0.09848484848484848
-0.125
-0.125
-0.04414763458401305
-0.07517758484609313
0.052868852459016395
-0.008333333333333333
-0.016666666666666666
0.125
0.031818181818181815
-0.0625
0.125
-0.005037783375314861
-0.03177966101694915
0.09973404255319149
-0.06018518518518518
0.059782608695652176
0.10775862068965517
-0.125
0.125
0.125
-0.03273809523809524
0.011904761904761904
0.08035714285714286
-0.125
0.05357142857142857
0
-0.017857142857142856
-0.07954545454545454
0.125
-0.023148148148148147
-0.07712765957446809
0.085
0.0
-0.125
0
0.025
-0.125
0.125
-0.057432432432432436
-0.06944444444444445
0.09375
0.047979797979797977
0.022058823529411766
0.09325396825396826
-0.025
-0.0625
0.125
0.019435975609756097
0.041666666666666664
0.008152173913043478
0
0
0
-0.02717391304347826
0.013888888888888888
-0.03571428571428571
-0.030729166666666665
-0.11071428571428571
0.08333333333333333
0.125
0.0
0.125
0.0
0
0
-0.04927007299270073
-0.05921052631578947
-0.06018518518518518
-0.04054054054054054
0
-0.125
-0.125
0
0
-0.029626108998732574
-0.06831831831831832
0.05282426778242678
-0.046747967479674794
-0.05
0.07692307692307693
-0.024378765060240965
-0.0711767895878525
0.04595588235294118
-0.030828516377649325
-0.07678571428571429
0.10479797979797979
-0.125
-0.041666666666666664
-0.125
0.09051724137931035
-0.0625
0.11538461538461539
-0.06635802469135803
-0.1171875
0
-0.125
-0.125
-0.125
-0.125
-0.125
0.1
0.05
-0.09274193548387097
0.0625
0.125
0.125
0.125
0.125
-0.125
0.125
-0.125
-0.0673076923076923
0.125
0
0
0
-0.125
-0.08928571428571429
0
-0.06779661016949153
-0.03125
0.05357142857142857
-0.056818181818181816
-0.05357142857142857
0.125
-0.09722222222222222
-0.125
0
-0.03125
-0.125
0.125
0
0
0
-0.125
-0.125
-0.125
-0.03575757575757576
-0.07544938505203407
0.05412371134020619
-0.07474226804123711
-0.03125
0.0625
0.08069620253164557
-0.05357142857142857
0.125
-0.06426056338028169
-0.125
0.07738095238095238
0.07142857142857142
-0.041666666666666664
0.08333333333333333
0.09558823529411764
0
0
-0.02820910973084886
0.019021739130434784
0.12242268041237113
-0.03804347826086957
0.08928571428571429
0.085
0.0010757678029024637
-0.012905405405405405
0.08419881305637983
-0.00412964103466479
-0.03969065960519981
0.05195370831259333
-0.0010869565217391304
-0.07860824742268041
-0.03676470588235294
0.07411504424778761
0.09558823529411764
0.09601449275362318
-0.09129707849348821
-0.07236842105263158
-0.0047169811320754715
-0.021739130434782608
-0.03289473684210526
0.07954545454545454
-0.08522727272727272
-0.046052631578947366
0.04807692307692308
-0.0009160559626915389
-0.05755523877405559
0.07742402315484805
-0.02806122448979592
0.013888888888888888
0.034375
-0.012260962743158589
-0.018485390578413835
0.032520325203252036
0.009696031929662194
-0.04839037122969837
0.06753938832252085
-0.07450124688279301
-0.09881756756756757
-0.014344262295081968
0.006337010769634883
-0.012767220902612826
0.056119648737650935
0.006818199347489067
-0.042802331432405236
0.06598502304147466
0.03313365834543485
-0.0011261261261261261
0.08549862699913066
-0.038463791891258495
-0.06294850147741664
0.02
0.03168759053597296
-0.06071937321937322
0.0344488188976378
-0.08881578947368421
-0.04537037037037037
-0.08823529411764706
-0.09264705882352942
-0.09112394957983193
-0.08024691358024691
0.014744952178533475
-0.0680379746835443
0.0678191489361702
0.004629629629629629
-0.10416666666666667
0.0
0.025
0.075
0.041666666666666664
-0.1044776119402985
-0.09486301369863014
-0.08928571428571429
-0.07712765957446809
-0.07407407407407407
0.03125
0
0
0
0.021794871794871794
-0.08620689655172414
0.0846774193548387
-0.10670731707317073
-0.10326086956521739
-0.05
-0.07948179271708683
-0.09290890269151139
-0.0625
-0.05
-0.11595394736842106
0.025
0
-0.125
0
0
0.125
0
-0.125
-0.125
0
-0.125
-0.125
0
0
0
0
0.041666666666666664
-0.07142857142857142
-0.041666666666666664
0.125
0.125
0
0.125
-0.125
0
-0.125
-0.09274193548387097
-0.125
0
0
0
-0.07954545454545454
-0.125
0
-0.08552631578947369
-0.11029411764705882
-0.125
-0.032407407407407406
-0.056818181818181816
-0.05555555555555555
0
-0.125
0.125
0
0
0
0
0
0
0
0
0
0.051605504587155966
-0.08064516129032258
0.017857142857142856
-0.03125
-0.125
0
0.0
-0.125
0
-0.11164122137404581
-0.09951456310679611
-0.0625
-0.075
-0.06465517241379311
-0.075
-0.125
0
0
-0.039959016393442626
-0.0625
0.125
-0.078125
-0.11363636363636363
-0.125
-0.09429824561403509
-0.08780487804878048
-0.07954545454545454
-0.025504484304932736
-0.08556547619047619
0.0033783783783783786
-0.025
-0.041666666666666664
-0.125
0.125
0.055
-0.125
-0.075
-0.08333333333333333
-0.125
0.058333333333333334
0.125
0
0
0
-0.125
-0.06578947368421052
0.020833333333333332
0
0
0.08333333333333333
0
0.013888888888888888
0.125
-0.125
-0.03571428571428571
-0.03125
-0.125
0
-0.125
-0.125
-0.125
-0.125
0.125
-0.075
-0.125
0
-0.001736111111111111
-0.027777777777777776
0.0
0
0
0
-0.08928571428571429
-0.125
0
0
0
0
-0.125
-0.125
0
0.03571428571428571
-0.08653846153846154
0
-0.03125
-0.0625
0
0.125
0
0
0.0625
0.125
0
0.125
0.125
0
0
0
0
-0.125
-0.05357142857142857
0
0.125
-0.125
0
-0.0673076923076923
0.03571428571428571
0.0
-0.11209239130434782
-0.11538461538461539
-0.11805555555555555
0
0
0
0
0
0
-0.125
-0.125
0
0.125
0.125
-0.125
-0.125
0
0
-0.10714285714285714
-0.1
0.0
0
0
0
-0.10416666666666667
-0.075
0
-0.125
-0.125
0
0
0
0
0.125
-0.125
0
-0.08148148148148149
-0.07708333333333334
-0.125
-0.030268022181146027
0.03089887640449438
0.02717391304347826
0.125
-0.125
0
0
0
-0.125
0
0
0
0
0
0
0
0
0
0
0
0
0
0
0
0
0
0
0
0
0
0
0
0
0
0
0
0
0
0
0
0
0
-0.06112334801762115
-0.05603448275862069
0.023148148148148147
0.125
-0.125
-0.125
0.0625
-0.125
0
-0.0035714285714285713
-0.035
0.0625
0.010135135135135136
-0.125
0
0
0
0
-0.10714285714285714
-0.0661764705882353
0.125
0
-0.125
0
-0.041666666666666664
0.0
-0.125
-0.085
-0.08152173913043478
-0.125
0
0
0
0.125
0
0
-0.04391891891891892
-0.0661764705882353
-0.125
0.022727272727272728
-0.0023148148148148147
0.020833333333333332
0.041666666666666664
-0.125
0
0.008928571428571428
0.04017857142857143
0.125
0
0
0
-0.08333333333333333
-0.025
0
-0.05904059040590406
-0.08026960784313726
-0.075
-0.08333333333333333
-0.0625
-0.125
0.0
-0.125
0
-0.10227272727272728
-0.07589285714285714
0
-0.03260869565217391
-0.05
-0.125
-0.125
0
0
-0.07160804020100503
-0.0861901681759379
-0.05603448275862069
-0.0546875
-0.07954545454545454
0.0
-0.09943652635067948
-0.10709044823906083
-0.11159365558912386
0.0282156368221942
-0.058712121212121215
0.10496641074856046
-0.046875
0
0.0
0.07142857142857142
0.0625
0.125
0.057291666666666664
-0.04807692307692308
0.09239130434782608
0.07670454545454546
-0.125
0.109375
-0.05
0
0.0
0.08231707317073171
0.125
0.0
0.125
0
0.08333333333333333
0.056818181818181816
-0.125
0.017857142857142856
-0.03159340659340659
0.0
0.10119047619047619
-0.125
0
0
0.05921052631578947
0.0
0
0.1179245283018868
-0.125
0.125
0.03869047619047619
-0.11029411764705882
0.0673076923076923
0.0
0.125
0
0.078125
0
0.0
0
0
0
-0.09868421052631579
-0.125
0
0.061241610738255035
0.125
0.07692307692307693
0.07692307692307693
-0.125
0.125
0
0
0.125
0.09523809523809523
0
0.08333333333333333
0.075
0.125
0.125
0
0
0
0.08928571428571429
-0.125
0.125
0.11479591836734694
-0.125
0.125
0.02925531914893617
-0.125
0.03017241379310345
0.04414763458401305
-0.052868852459016395
0.07517758484609313
-0.031818181818181815
-0.125
0.0625
0.008333333333333333
-0.125
0.016666666666666666
0.03273809523809524
-0.08035714285714286
-0.011904761904761904
0.017857142857142856
-0.125
0.07954545454545454
0.125
0
-0.05357142857142857
0.005037783375314861
-0.09973404255319149
0.03177966101694915
0.125
-0.125
-0.125
0.06018518518518518
-0.10775862068965517
-0.059782608695652176
0.030729166666666665
-0.08333333333333333
0.11071428571428571
0.0
0
0
-0.125
-0.125
0.0
0.029626108998732574
-0.05282426778242678
0.06831831831831832
0.024378765060240965
-0.04595588235294118
0.0711767895878525
0.046747967479674794
-0.07692307692307693
0.05
0.04927007299270073
0.06018518518518518
0.05921052631578947
0.125
0
0
0.04054054054054054
0.125
0
0.023148148148148147
-0.085
0.07712765957446809
-0.025
-0.125
0.125
0.0
0
0.125
-0.019435975609756097
-0.008152173913043478
-0.041666666666666664
0.02717391304347826
0.03571428571428571
-0.013888888888888888
0
0
0
0.057432432432432436
-0.09375
0.06944444444444445
0.025
-0.125
0.0625
-0.047979797979797977
-0.09325396825396826
-0.022058823529411766
0.10405405405405406
0.125
0.04965753424657534
0
0
0
0
0
0
-0.04487179487179487
-0.09375
0.0
0.05403225806451613
0
0.11931818181818182
0.125
0
0.125
0.125
-0.125
0.11217948717948718
0.125
0
0
0.0
0.125
0.125
0.03282828282828283
0.0625
-0.08928571428571429
0
0
0
0.125
0.125
0
0.07954545454545454
0
0.125
0.09848484848484848
0.125
0.125
0
0
-0.041666666666666664
0.10526315789473684
0
-0.125
0
0
0
0.041666666666666664
0
0
0.125
0
0.125
-0.125
0
0.125
0
0
0
0.03571428571428571
0
0.125
0.0625
0
0.125
0
0
0
0.06388888888888888
0.025
0.058333333333333334
0.05434782608695652
0
0.041666666666666664
0.05078555678059537
-0.05227272727272727
0.052083333333333336
0.025504484304932736
-0.0033783783783783786
0.08556547619047619
-0.125
0.125
-0.055
0.025
0.125
0.041666666666666664
0.06578947368421052
0
-0.020833333333333332
-0.013888888888888888
0.125
-0.125
0
0
-0.08333333333333333
0.075
0.125
0.08333333333333333
0
0.125
0
-0.058333333333333334
0
-0.125
-0.03571428571428571
0
0.08653846153846154
-0.125
0
0
0.03125
0
0.0625
0.125
0
0.05357142857142857
0.0673076923076923
0.0
-0.03571428571428571
-0.125
0
0.125
-0.0625
0
-0.125
0
0
0
-0.125
0
-0.125
0.03571428571428571
0.125
0.03125
0.125
-0.125
0.125
0
0.125
0.125
0.08928571428571429
0
0.125
0.125
0
0.125
0
0
0
0.075
0
0.125
0
0
0
0.001736111111111111
0.0
0.027777777777777776
0.06112334801762115
-0.023148148148148147
0.05603448275862069
-0.0625
0
0.125
-0.125
0.125
0.125
0.10714285714285714
-0.125
0.0661764705882353
0.041666666666666664
0.125
0.0
0
0
0.125
0.0035714285714285713
-0.0625
0.035
0
0
0
-0.010135135135135136
0
0.125
0.05904059040590406
0.075
0.08026960784313726
0.0
0
0.125
0.08333333333333333
0.125
0.0625
0.07160804020100503
0.05603448275862069
0.0861901681759379
0.09943652635067948
0.11159365558912386
0.10709044823906083
0.0546875
0.0
0.07954545454545454
0.10227272727272728
0
0.07589285714285714
0.125
0
0
0.03260869565217391
0.125
0.05
0.085
0.125
0.08152173913043478
-0.125
0
0
0
0
0
-0.008928571428571428
-0.125
-0.04017857142857143
0.08333333333333333
0
0.025
0
0
0
0.04391891891891892
0.125
0.0661764705882353
-0.041666666666666664
0
0.125
-0.022727272727272728
-0.020833333333333332
0.0023148148148148147
0.11209239130434782
0.11805555555555555
0.11538461538461539
0
0
0
0
0
0
0.10714285714285714
0.0
0.1
0.10416666666666667
0
0.075
0
0
0
0.125
0
0.125
0.125
0
0
-0.125
0.125
-0.125
0
0
0
0
0
0
0
0
0
0
0
0
0
0
0
0
0
0
0
0
0
0
0
0
0
0
0
0.125
0
0.125
-0.125
0
0.125
0
0
0
0
0.125
0
0
0
0
0
0
0
0.08148148148148149
0.125
0.07708333333333334
-0.125
0
0.125
0.030268022181146027
-0.02717391304347826
-0.03089887640449438
0.030828516377649325
-0.10479797979797979
0.07678571428571429
-0.09051724137931035
-0.11538461538461539
0.0625
0.125
0.125
0.041666666666666664
-0.05
-0.0625
0.09274193548387097
-0.125
-0.125
0.125
-0.125
-0.125
-0.125
0.06635802469135803
0
0.1171875
0.125
-0.1
0.125
0.125
0.125
0.125
0.03575757575757576
-0.05412371134020619
0.07544938505203407
-0.08069620253164557
-0.125
0.05357142857142857
0.07474226804123711
-0.0625
0.03125
0.02820910973084886
-0.12242268041237113
-0.019021739130434784
-0.0010757678029024637
-0.08419881305637983
0.012905405405405405
0.03804347826086957
-0.085
-0.08928571428571429
0.06426056338028169
-0.07738095238095238
0.125
-0.09558823529411764
0
0
-0.07142857142857142
-0.08333333333333333
0.041666666666666664
0.125
-0.125
0.0673076923076923
0.125
0
0.08928571428571429
0
0
0
0.03125
-0.125
0.125
0.125
0.125
0.125
0
0
0
0.06779661016949153
-0.05357142857142857
0.03125
0.09722222222222222
0
0.125
0.056818181818181816
-0.125
0.05357142857142857
0.05
-0.025
0.11595394736842106
0
0
-0.125
0
0
0.125
-0.041666666666666664
0.041666666666666664
0.07142857142857142
-0.125
0
0.125
-0.125
0
-0.125
0.125
0
0.125
0
0
0
0.125
0
0.125
-0.051605504587155966
-0.017857142857142856
0.08064516129032258
0.0
0
0.125
0.03125
0
0.125
0.039959016393442626
-0.125
0.0625
0.09429824561403509
0.07954545454545454
0.08780487804878048
0.078125
0.125
0.11363636363636363
0.11164122137404581
0.0625
0.09951456310679611
0.125
0
0
0.075
0.075
0.06465517241379311
0.125
0.125
0.09274193548387097
0.07954545454545454
0
0.125
0
0
0
0
0
0
0
0
0
0
0
0
0.08552631578947369
0.125
0.11029411764705882
0
-0.125
0.125
0.032407407407407406
0.05555555555555555
0.056818181818181816
0.00412964103466479
-0.05195370831259333
0.03969065960519981
-0.07411504424778761
-0.09601449275362318
-0.09558823529411764
0.0010869565217391304
0.03676470588235294
0.07860824742268041
0.0009160559626915389
-0.07742402315484805
0.05755523877405559
0.012260962743158589
-0.032520325203252036
0.018485390578413835
0.02806122448979592
-0.034375
-0.013888888888888888
0.09129707849348821
0.0047169811320754715
0.07236842105263158
0.08522727272727272
-0.04807692307692308
0.046052631578947366
0.021739130434782608
-0.07954545454545454
0.03289473684210526
-0.014744952178533475
-0.0678191489361702
0.0680379746835443
-0.025
-0.041666666666666664
-0.075
-0.004629629629629629
0.0
0.10416666666666667
-0.021794871794871794
-0.0846774193548387
0.08620689655172414
0.07948179271708683
0.0625
0.09290890269151139
0.10670731707317073
0.05
0.10326086956521739
0.1044776119402985
0.08928571428571429
0.09486301369863014
0
0
0
0.07712765957446809
-0.03125
0.07407407407407407
-0.009696031929662194
-0.06753938832252085
0.04839037122969837
-0.006337010769634883
-0.056119648737650935
0.012767220902612826
0.07450124688279301
0.014344262295081968
0.09881756756756757
-0.03168759053597296
-0.0344488188976378
0.06071937321937322
0.09264705882352942
0.08024691358024691
0.09112394957983193
0.08881578947368421
0.08823529411764706
0.04537037037037037
-0.006818199347489067
-0.06598502304147466
0.042802331432405236
0.038463791891258495
-0.02
0.06294850147741664
-0.03313365834543485
-0.08549862699913066
0.0011261261261261261
0.09635940643863179
0.07198524517417351
0.09836235489220564
0.055232558139534885
-0.023876404494382022
0.08333333333333333
0.11979166666666667
0.10106382978723404
0.09375
0.08304794520547945
0.04814814814814815
0.08653846153846154
0.12046632124352331
0.10202205882352941
0.125
0.10648148148148148
0.03720238095238095
0.03571428571428571
0.09993734335839599
0.04386467889908257
0.06607142857142857
0.07045454545454545
0.07327586206896551
0.05434782608695652
0.08984375
0.0508578431372549
0.018518518518518517
0.042279411764705885
0.06296992481203008
0.09482758620689655
0
-0.025
0
0.11673553719008264
0.0775
0.125
0.010416666666666666
0.06382978723404255
0.041666666666666664
0.09526112185686654
0.057013769363166954
0.07291666666666667
0.07848837209302326
0.09166666666666666
-0.0625
0.07795698924731183
0.07364341085271318
0.09375
0
-0.125
0
-0.005434782608695652
0.04025423728813559
0.125
0.10013623978201634
0.0804372197309417
0.08272058823529412
0.06944444444444445
0.07575757575757576
0
0.06048387096774194
0.11458333333333333
0
0.08181818181818182
0.050213675213675216
0.076171875
0.09926470588235294
0.11486486486486487
0.1
0.125
0.075
0
0.08695652173913043
0.048728813559322036
0.075
0.028846153846153848
0.10102739726027397
0.0625
0.09655898876404495
0.047453703703703706
0.09046052631578948
0.05736301369863014
0.07566518847006652
0.1038135593220339
-0.125
0.0
-0.125
0.07954545454545454
0.05357142857142857
0
0.051470588235294115
0.057112068965517244
0.125
0.125
-0.03125
0.125
0.09375
0.03879310344827586
0
0.048295454545454544
0.07075471698113207
0.07142857142857142
-0.041666666666666664
0.1111111111111111
0.125
0.1130952380952381
0.1162280701754386
0.0625
0.10759493670886076
0.10961538461538461
0.08928571428571429
0
0
0
0.125
0.05357142857142857
0.125
0.0521978021978022
0.07722446916076846
0.055232558139534885
0.08484738372093023
0.070424013434089
0.06569343065693431
0.022058823529411766
0.08928571428571429
0.05555555555555555
0.07142857142857142
0.03125
0.0625
0
0
0
0.025
0.07236842105263158
0.125
0.09868421052631579
0.09318181818181819
0.125
0
0.0
0
0.125
0.125
0
0.125
0.0875
0.125
0.07954545454545454
0.125
0.125
0
0
0
0.0661764705882353
0.03833333333333333
0.03125
0.125
0.06944444444444445
0.125
0.056818181818181816
0.03017241379310345
0.09943181818181818
0.09773489932885907
0.07578740157480315
0.06521739130434782
0.013888888888888888
0.125
0.08928571428571429
0.0625
0.125
0.125
0.0721830985915493
0.09603658536585366
0.06578947368421052
0.10625
0.01893939393939394
0.10416666666666667
0.06944444444444445
0.0
0.125
0.125
0.11931818181818182
0.11363636363636363
0.125
0.1
0.125
-0.04573170731707317
0.075
-0.017857142857142856
0.04296875
0.09280936454849498
0.0425
0.041666666666666664
-0.125
0.075
0.041666666666666664
0.041666666666666664
0
-0.05461165048543689
0.0078125
0.075
0.07180851063829788
0.0893854748603352
0.09375
-0.041666666666666664
0.05357142857142857
0.041666666666666664
0.09375
0.03571428571428571
0.08928571428571429
0
0
0
-0.125
0.05357142857142857
0.125
0.01293103448275862
0.035493827160493825
-0.08333333333333333
-0.017857142857142856
-0.125
0
0.125
0
0
-0.005952380952380952
0.058823529411764705
0.012096774193548387
0.09523809523809523
0.0875
0.005434782608695652
0.125
-0.125
0
0.09969325153374232
0.0786741214057508
0.09421641791044776
0.056640625
0.10894495412844037
0.08928571428571429
0.04789473684210526
0.047748447204968944
0.05489864864864865
0.08147321428571429
0.06401668351870576
0.0625
-0.08333333333333333
-0.02976190476190476
0.041666666666666664
0.0
0.12076271186440678
0.125
0.125
0.0014367816091954023
-0.125
0.109375
0.085
-0.125
0.0
-0.045454545454545456
0
0.125
0.05851063829787234
0.125
-0.125
-0.027777777777777776
0.125
0.125
-0.041666666666666664
0.125
-0.025
0.03741496598639456
0.125
0.0
-0.125
0
0
0.09375
0
0.125
-0.023876404494382022
0.125
0.009615384615384616
-0.035526315789473684
0.125
0.07954545454545454
0.0
0
0.125
-0.0023584905660377358
0.125
0.125
0
0
0.125
-0.025
0.125
0.011363636363636364
0.05675287356321839
0.08653846153846154
-0.056818181818181816
0.11458333333333333
0.125
0.125
0.125
0.125
0.125
0.020833333333333332
0.125
0.125
0.10714285714285714
0
0.125
0.125
0
0.125
0.049107142857142856
0
0.125
0.022727272727272728
0.125
0.04336734693877551
0.05555555555555555
0.125
0.125
0.0296420581655481
0.11944444444444445
0
-0.125
0
0.125
0.125
0
0.125
0.0044964028776978415
0.125
0.125
-0.010964912280701754
0
0
-0.017857142857142856
0
0.08928571428571429
-0.010964912280701754
0.10576923076923077
-0.125
-0.125
0
-0.125
-0.06465517241379311
0.125
0.10947712418300654
0.018850658857979503
0.10098870056497175
-0.125
0.009615384615384616
0.125
0.125
0.075
0.11363636363636363
0.07724056603773585
0.03417602996254682
0.08116883116883117
0.08204155672823218
0.04491817878214405
0.09792993630573249
0.08052884615384616
0.03377110694183865
0.051470588235294115
0.07291666666666667
0.028237951807228916
0.09558823529411764
0.125
0.07954545454545454
0.125
0.0
0.007352941176470588
0.125
0.125
0.0390625
0.075
-0.125
0.0
0
0.125
0.125
0.125
-0.05357142857142857
0.04241071428571429
0.041666666666666664
0.125
0.043478260869565216
0
0
0
0
0.125
0.007954545454545454
0.125
-0.017857142857142856
0.03125
0.125
-0.028846153846153848
-0.004132231404958678
0.025
0.10887096774193548
0.0847672064777328
0.0875
0.125
0.125
0
0.125
0.125
0
0.0625
0.061274509803921566
0.041666666666666664
0.125
0.08333333333333333
0
0.0
0.0
0
0.125
0.09308510638297872
0.125
0.125
0.09375
0
0
0.0
0
-0.125
0.05619266055045872
0.125
0
0
0
0
-0.041666666666666664
0
0.125
0.055
-0.041666666666666664
0.125
0.029320987654320986
0.125
0
-0.041666666666666664
0
0
0
0
0
0
0
0
0
0
0.125
0.027083333333333334
0
0
0.075
0
0
0.125
0
0.06818181818181818
0.0007352941176470588
0.017857142857142856
-0.0661764705882353
0.057692307692307696
-0.125
0
0
0
0.10096153846153846
0.039874551971326166
0.0875
-0.05357142857142857
0.023936170212765957
-0.017857142857142856
0.056818181818181816
0.00029976019184652276
-0.005434782608695652
0.10369318181818182
0.002776943860702492
0.04868027888446215
0.125
-0.04779411764705882
0.0625
0.125
0.03333333333333333
0.08653846153846154
0.08928571428571429
-0.02806122448979592
-0.029166666666666667
0.125
-0.07142857142857142
-0.009615384615384616
0
-0.125
0.0
0.125
-0.0006720430107526882
0.07848837209302326
0.125
0.0
0.0
0.125
-0.09313725490196079
0.017857142857142856
0.10833333333333334
0.07007575757575757
0.10679611650485436
0
0.08333333333333333
0
0.125
0.09722222222222222
0.125
0.04807692307692308
0.06349206349206349
0.12091121495327103
0.10472972972972973
0.045454545454545456
0.11964285714285715
0.125
-0.041666666666666664
0.125
0.125
0.04924242424242424
0.041666666666666664
0
0
0
0.0
-0.09722222222222222
-0.125
0.00528169014084507
0.08624031007751938
0.07169117647058823
0.125
-0.058823529411764705
-0.125
0.125
-0.013888888888888888
0.125
0.017857142857142856
0.06818181818181818
0.1
0.125
0.075
0.0625
0
0.0
0.0
0.039473684210526314
0.03977272727272727
-0.005434782608695652
0.028846153846153848
0.0625
-0.025
0.08088235294117647
0.008152173913043478
0.013888888888888888
0.10833333333333334
0.10067114093959731
0.08139534883720931
0
0
0.0
0.125
0.125
0
0.041666666666666664
0.0390625
0.10119047619047619
0
0.041666666666666664
0
0
0
-0.125
0.125
0.10119047619047619
0.11538461538461539
0.125
0.125
-0.125
0.125
0.125
0.125
0.125
0.07794117647058824
0.07258064516129033
0
0
0
0
0.125
0.125
0.04411764705882353
0.0661764705882353
0.09353146853146853
0.10479797979797979
0.09536384976525822
0.10721153846153846
0
0.07352941176470588
-0.09375
0.125
0.07488207547169812
0.09807692307692308
0
0
0
0.0625
0.09183673469387756
0.075
0
0.0916095890410959
0.023972602739726026
0.125
0.013888888888888888
0.125
0
0
0
0
0
0
0
0
0
0
0
0
0.11363636363636363
-0.005952380952380952
-0.039634146341463415
0.125
0.05357142857142857
0.125
0.09375
0.05327868852459016
0.075
0.11388888888888889
0.09475806451612903
0.06525735294117647
0
0.125
0.125
0.125
0.09375
0
0.125
-0.08415841584158416
0.125
0.125
0.06578947368421052
0.09558823529411764
-0.125
-0.041666666666666664
0
0.125
0.09166666666666666
-0.125
0.125
0.0625
0.125
-0.075
-0.10613207547169812
-0.125
0.038461538461538464
0.10043668122270742
0.05909090909090909
0
-0.125
0.125
0.125
0.041666666666666664
0
0.125
0.044642857142857144
0.11217948717948718
0.125
0.04610655737704918
0.1074561403508772
0.125
0.041666666666666664
0.09375
0.125
0.07922535211267606
-0.06666666666666667
0
0
0
0.125
-0.05221518987341772
-0.125
0.11095505617977527
0.07691713048855905
0.0971590909090909
0.125
-0.013157894736842105
0.0
0.125
0.125
0.125
0.04891304347826087
0.08952702702702703
0.11388888888888889
0.11666666666666667
0.07593457943925233
0.08072916666666667
0.125
0.125
0.125
0.10400763358778627
0.08762845215157354
0.06707317073170732
0.08928571428571429
0.03923611111111111
0.06278801843317973
0.04078613693998309
0.02801188173528599
0.05377435064935065
0.11458333333333333
0.09539473684210527
-0.08266129032258064
0
0.0625
0
0.125
0.1159090909090909
0.125
0
0.04807692307692308
0.0625
0.125
0.125
0.125
0
-0.125
0
0.125
0.09558823529411764
0
0.125
0.125
0.125
0.125
0.09313725490196079
0.008333333333333333
0
0.039634146341463415
-0.125
0
0.125
0
0
0.125
0
0
0.0
0
0.125
0.10606060606060606
-0.041666666666666664
0
-0.125
0
0.125
0.0
0
0
0.125
0
0
0
0
0.08333333333333333
0.10326086956521739
-0.125
0
0.08333333333333333
0
0.125
0.125
0
0
0.125
0
0.125
0.10416666666666667
0.125
0
0
0
0.125
0.125
-0.125
0.125
0.125
0.125
0.125
0.11979166666666667
0.125
0
0.007352941176470588
-0.125
0
0.125
0
0
-0.125
0
0
0.075
0
0
0.125
0
0
-0.125
0
0
-0.041666666666666664
0
0
0
0
0
0.125
0
0
0.125
0.125
0
0
0
0
0
0
0
0.052083333333333336
-0.125
0.1111111111111111
0.08653846153846154
0.125
0
0.06944444444444445
-0.125
0
0
0
0
0.125
0
0
0.125
0
0
0.041666666666666664
-0.125
0
0.125
0
0
0
0
0
0.125
0
0
0.125
0
0
0
0
0
0.017857142857142856
0
0
0.125
0
0
0.0375
0
0.016304347826086956
0.031791907514450865
0.04861111111111111
0
0
0
0.125
0.125
0.125
0.125
0.125
-0.05357142857142857
0.125
0.125
0.125
0
0
0.0
0.125
0.026515151515151516
0.017857142857142856
0.125
0.05357142857142857
0.125
0.125
-0.01293103448275862
0.03409090909090909
0.125
0.022727272727272728
0.0
0
0
0
0
0
0
0
0.08928571428571429
0
0.125
0.08962264150943396
0.125
0
0.0625
-0.125
0
0.08333333333333333
0.125
0
0
0
0
0.125
0.125
0.125
0.08984375
0.125
0.125
0.125
0.125
0.125
0.125
0
0.0
0.10227272727272728
0.125
0.125
0.056818181818181816
0
0.125
0.125
0
0.125
0.058333333333333334
0.019230769230769232
0.125
0.10648148148148148
0.125
0.0625
0.07154255319148936
0.0715648854961832
0.06932773109243698
0.10976205997392438
0.002397260273972603
-0.125
0.08759842519685039
-0.041666666666666664
0.125
0.11127167630057803
0.041666666666666664
0.125
0.08154296875
0.02696078431372549
0.0
0.07236842105263158
-0.04391891891891892
0.125
0.01293103448275862
-0.109375
-0.025
0.08738938053097345
-0.036458333333333336
0
0.12268518518518519
0.125
-0.08653846153846154
0.06833333333333333
-0.056818181818181816
-0.125
0.08898305084745763
0.08928571428571429
-0.125
0.041666666666666664
-0.125
0.041666666666666664
0.10119047619047619
0.05555555555555555
0.125
0.11298076923076923
0.125
0.09375
0.09148936170212765
-0.06343283582089553
-0.041666666666666664
0.095
0.041666666666666664
-0.125
0.015625
0.015625
-0.125
0.125
0
-0.10227272727272728
0.05921052631578947
-0.08928571428571429
0.10833333333333334
0.07962046204620463
0.013888888888888888
0
0.10991379310344827
0.125
-0.125
0.10714285714285714
0.125
0.125
0.10227272727272728
0.125
0
0.10326086956521739
0.075
0
0.125
0
0.125
0.08967391304347826
-0.08333333333333333
0.125
0.11141304347826086
0.125
0.07045454545454545
0.09331683168316832
0.08287292817679558
0.06693548387096775
0.09048250786163523
-0.05330560420315236
0
0.07954545454545454
-0.07232142857142858
0.09375
0.09591584158415842
-0.08463541666666667
0.03125
0.09567901234567901
-0.0328125
-0.09375
0.10489949748743718
-0.05380794701986755
0.041666666666666664
0.061274509803921566
-0.09533898305084745
0.11693548387096774
0.08248009101251422
-0.017476303317535545
0.125
0.11805555555555555
0.0744047619047619
0.10833333333333334
0.07888888888888888
-0.07005494505494506
0.10303617571059431
0.0909698134433299
0.046685954760652286
0.04487179487179487
0.07320971867007672
-0.0057251908396946565
0.07649253731343283
0.09766277128547579
0.03200171821305842
0.0989853704577631
0.09406920819820416
0.039274035317200785
0.08772358334585902
0.10663905560240068
0.08034317265451044
0.0910207423580786
0.10784039468999543
0.06226499109439937
0.10819615912208505
0.10506272401433692
0.07094751509521598
0.125
0.10734304932735426
0.07142857142857142
0.034518828451882845
0.09091596130592502
0.022780925401322
0.09722222222222222
0.09947111472742066
-0.009309831181727905
-0.08333333333333333
0.11778846153846154
0.03316326530612245
0.125
0.125
0.11397058823529412
-0.014344262295081968
0.09263005780346821
0.05454545454545454
0.0659090909090909
0.022183098591549297
0.015718562874251496
0
0
0
0.05482456140350877
0.0881109022556391
0.06760204081632654
-0.125
0.10672169811320754
0.04411764705882353
-0.03036723163841808
0.07258654314968307
-0.013652912621359222
0.11315789473684211
0.1155703077851539
0.06784188034188034
-0.125
0.11363636363636363
-0.013888888888888888
0.125
0.11675824175824176
0.125
0.125
0.09722222222222222
0.09134615384615384
0.1111111111111111
0.08333333333333333
0.0625
0
0.125
0
0.125
0.11875
0.08333333333333333
0.125
0.125
0.125
0.0
0.09274193548387097
-0.125
0
0.10416666666666667
0.11956521739130435
0
-0.041666666666666664
-0.125
0.125
0.1
-0.125
0
0.1078125
0.03125
0.10227272727272728
0.08816425120772947
-0.036585365853658534
0
0.0
-0.125
0
0
0
0
0
0
0
0
0
0.0625
0.1192489851150203
0.06465517241379311
0
0.11666666666666667
0.125
0.125
0.125
0.125
0.11805555555555555
0.08076923076923077
0.03977272727272727
0.125
0.11141304347826086
0.06944444444444445
0
0
0
0.09702797202797203
0.10235507246376811
0.09097222222222222
-0.125
0.07675438596491228
-0.015625
-0.016117478510028652
0.026184676705048714
0.005936227951153324
0.11904761904761904
0.06762028608582575
-0.026119402985074626
0.125
0.11148648648648649
0.125
0.125
0.12171052631578948
0.125
0
0.125
-0.075
0.125
0.12228260869565218
0.125
0
0
-0.125
0.125
0.0975609756097561
0.125
0.125
0.12
0
0.125
0.10576923076923077
-0.09722222222222222
0.125
0.103125
0.125
0
0
0
0
0.125
0.125
0
0.125
0
0.125
0.10699152542372882
0.125
0
0
0
0
0.125
0.125
0
0
0
0
-0.125
0
0.0
0.10606060606060606
-0.05357142857142857
0
0.125
-0.125
0
0.125
0.125
0.125
0.125
0
0.125
0.125
0.125
0
0.125
0
0.125
0.125
0.125
0.03571428571428571
0.1
0.014705882352941176
0.0
0.09977064220183486
-0.125
0
0.125
0
0
0.125
0
0
0
0
0
0.0625
0.125
0
0
0
0
0
0
0
0.125
-0.125
0
0
0
0
0
-0.125
0
0.125
0
0
0.125
0
0
0.125
0
0
-0.008333333333333333
-0.008333333333333333
0.10904255319148937
0.10576923076923077
0.125
0
0.125
0
0
0.125
0
0
0
0
0
0.125
0
0
0
0
0
0
0
0
0
0
0
0
0
0
0
0
0
0
0
0
0
0
0
0
0
0
0
0
0.125
0.09440789473684211
-0.0012254901960784314
0.125
0.05357142857142857
0.125
0.125
0.11363636363636363
0.125
0
0.125
0.125
0.125
0.125
0.125
0
0.125
-0.125
0.125
0.11413043478260869
0.125
0.125
0.125
0.125
-0.017857142857142856
0.0625
-0.07954545454545454
0.125
0.014344262295081968
0.049107142857142856
0
0.075
0
0
-0.011363636363636364
0.125
0
0.084375
0.0
0.125
0.10098870056497175
0.022058823529411766
0
0.025
0
0
0.1162280701754386
-0.125
0
0
0
0
0.10714285714285714
0.125
0.125
0.11347802786709539
0.08460365853658537
0.125
0.10833333333333334
0.125
0.125
0.125
0.125
0.125
0.056818181818181816
0.125
0.125
0.007352941176470588
-0.125
0.125
0.125
0
0.1056547619047619
0.1065734055354994
0.06803097345132743
0.125
0.06367924528301887
-0.05357142857142857
0.03189300411522634
0.02266168417936954
-0.05750560119492158
0.10833333333333334
0.11327433628318584
0.0997601395551679
-0.125
0.125
0.09221311475409837
0.125
0.125
0.125
0
0.125
0.1
-0.075
0.125
0.11137820512820513
0
0
0.038461538461538464
0.125
0.12090163934426229
0.10086206896551723
0
0.125
0.10585585585585586
0
0.08653846153846154
0.08108108108108109
0
0.08928571428571429
0.11179577464788733
0
0
-0.125
0
0.0
0.046875
0
0.125
0.1
0.125
0.0625
0.10975609756097561
0
0.125
0.125
0
0.125
0.125
0
0
0
0
0.125
0.08552631578947369
0.125
0.125
0.10024752475247525
0
0.125
0.09121621621621621
0
0.125
0.125
0
0.125
0.10141509433962265
0
0.125
0.12215909090909091
0
0
0
0.125
0.125
0.125
0
0.125
0.07
-0.041666666666666664
0.09642857142857143
0.08649553571428571
0.125
0.11271367521367522
0.10186832740213524
0
0.0625
0.05
0
0.125
0.125
0.041666666666666664
0.125
0.10661764705882353
-0.125
0.125
0.041666666666666664
0
0
0.09722222222222222
-0.125
0.10416666666666667
0.10648148148148148
0
0
0.125
0
0.075
0.125
0.125
0.12242268041237113
0.10714285714285714
0
0
0
0
0
0.0
0.125
0.11287313432835822
0.10185185185185185
0.017045454545454544
0.10043352601156069
0.10986842105263157
0.0
0.025
0.125
0
0.125
0.125
0
0
0
0
0
0.125
0
0.125
0.08333333333333333
0
0
0.125
0
0.125
0
0
0.125
0.0625
-0.125
-0.041666666666666664
0.125
0
0
0
0
0
0
0
0.0625
0.125
0
0.041666666666666664
0.10576923076923077
0.125
0.10897435897435898
0.1186046511627907
0
0.125
0.125
0
0
0.125
0
0.125
0.1125
0
0.125
0.125
0
0
0.125
0
0.125
0.125
0
0
0.125
0
0.125
0.125
0
0.125
0.11134453781512606
0
0
0
0
0
0.125
0
0.125
0.125
0
0.125
0.1228813559322034
0
0
0.08333333333333333
0.125
0.125
0.115
0
0
0
0.0
0.125
0.125
-0.125
0
0.125
0
0
0.125
0
0
0
0
0.125
0.08333333333333333
0
0.125
0.125
0
0
0
0.125
0.11693548387096774
0.12229102167182662
-0.125
0.125
0.11469072164948453
-0.125
0.10206422018348624
0.09195652173913044
0.1206896551724138
0.07847222222222222
0.02248062015503876
-0.125
-0.125
-0.11458333333333333
0
0.125
-0.09375
0
0.08333333333333333
0.007978723404255319
0
0.125
0.0
0
-0.08333333333333333
-0.09821428571428571
0
0.007352941176470588
-0.040865384615384616
0
-0.125
-0.125
0
-0.09375
-0.125
0.0625
0.005952380952380952
0.05952380952380952
-0.125
0
-0.125
0
0.125
0.125
0
0.0
0.04741379310344827
0.0
-0.017857142857142856
-0.0625
-0.125
-0.0625
-0.125
0.125
-0.0625
-0.018518518518518517
0
0
0
0
-0.125
-0.125
-0.041666666666666664
0.005434782608695652
0.007716049382716049
0
0
-0.125
0
0.125
0.125
0
0.09375
-0.05357142857142857
0
0
0.0
0
0
0
0
0.125
0.026785714285714284
0
0
0.0
-0.125
0.06428571428571428
-0.021788990825688075
0.125
0.10394736842105264
0.02230359520639148
-0.125
0.125
-0.08333333333333333
0
0.08333333333333333
-0.03125
0
-0.04722222222222222
-0.0078125
0
-0.041666666666666664
-0.07415254237288135
0
-0.075
-0.04411764705882353
0.0
-0.008333333333333333
0.038875598086124404
0
0
0
-0.125
0.0625
-0.05232558139534884
0.10597826086956522
0.09748427672955975
0.05301015473887814
-0.125
-0.03
-0.07838983050847458
0
0.08928571428571429
-0.026685393258426966
0.10737179487179487
0.046921697549312615
0.03435159176029962
0.044386422976501305
0.0853539156626506
0.07820756540791339
-0.125
0.07371794871794872
0.016129032258064516
0
0.022058823529411766
0.03380681818181818
0
0
0
-0.125
0.11904761904761904
0.008802816901408451
-0.125
0.125
0.05122950819672131
0
0
-0.041666666666666664
0
0.125
0.125
0
0
0
0
0
0
0
0
0
0
0.125
0.08653846153846154
0
0.125
0.125
-0.125
0.09722222222222222
0.054455445544554455
0
0
0
0
0
0
0
0
0
0
0
0
0
0
0
0
0
0
0
0
0
0
0
0
0
0
0
0
0
0
0
0
0
0
0
0
0
0
0
0
0
0
0
0
0
0
0
0
0
0
0
0
0
0
0
0
0
0
0
0
0
0
0
0
0
0
0
0
0
0
0
0
0
0
0
0
0
0
0
0
0
0.0
0.09817351598173515
0.020920815836832633
0
0.1130952380952381
0.03389830508474576
0.125
0.125
0.125
0
0.08928571428571429
0.02638888888888889
0
0.125
0.02412280701754386
0
0.125
-0.025
0
0.125
0.07053571428571428
0
0.1111111111111111
0.125
0
0.125
0.022727272727272728
0.125
0.11388888888888889
0.10608552631578948
0
-0.025
-0.125
0
0.09375
0.075
0
0.041666666666666664
0.11956521739130435
0.08333333333333333
0.07618025751072961
0.08819444444444445
0
0.125
0.125
0
0.125
0.06944444444444445
0
0
0
0
0
0.0625
0.125
0.057692307692307696
0.09342105263157895
0
0.125
0.03125
0
0
0.125
0
0.0
0.12121212121212122
0
0.125
0.09615384615384616
0
0
0
0
0.0625
0.041666666666666664
0
0
0.08928571428571429
0
0.10714285714285714
0.09330985915492958
0.125
0.09320175438596491
0.08217592592592593
0
-0.0625
-0.125
0
0.125
-0.025
0.125
0.075
-0.03409090909090909
0
0.125
-0.125
0
0
-0.125
-0.125
0.05357142857142857
0.09068627450980392
0
-0.125
-0.041666666666666664
0
0.0
-0.125
0.125
0.04253926701570681
0.05
0
-0.125
-0.1
0.125
0.08928571428571429
0.07894736842105263
0.125
0.06693989071038252
0.032784872298624756
0.125
0.07645631067961164
0.077217125382263
0
0.08928571428571429
0.07675438596491228
-0.041666666666666664
0.07381889763779527
0.06563245823389022
0
0
0
0
0.06323529411764706
0.04344919786096257
0
0.12171052631578948
0.09745260663507109
0
0.125
-0.039473684210526314
0
0.125
0.0625
0
0
0
0
0
0
0
0
0
0
0.09558823529411764
0.04667721518987342
0
0.0
0.0625
0.125
0.044753086419753084
0.02728013029315961
0.12
0.10272277227722772
0.0957512315270936
0
0.10227272727272728
0.085
0.125
0.09868421052631579
0.06854838709677419
0.125
0.08832046332046332
0.054969879518072286
0.125
0.08292079207920793
0.11098130841121495
0.125
0.0
0.03125
0
0.09576023391812866
0.08333333333333333
0.125
0.125
0.11637931034482758
0.125
0.08333333333333333
0.09166666666666666
0.0625
0.07007575757575757
0.058019713261648745
0
-0.041666666666666664
-0.05
0
-0.0125
-0.071875
0.125
0.06798245614035088
0.07510885341074021
-0.041666666666666664
0.05685358255451713
0.05233895705521473
0
0.09821428571428571
-0.03373015873015873
0
0.0846774193548387
0.06484962406015038
0
0
0
0
0.1
0.07884615384615384
0.10760869565217392
0.09948979591836735
0.09637734915924827
0.041666666666666664
0.10625
0.09438775510204081
0.125
0.11697247706422019
0.11684782608695653
0.125
0.05189822294022617
0.04078389830508475
0.0
-0.002238805970149254
0.012733887733887735
0
0
0
0.11654589371980677
0.09832047064777327
0.07593588881416723
0.041666666666666664
0.061483739837398375
-0.004142011834319527
0.05666049953746531
-0.005339349622801823
-0.049513262838067444
-0.09635940643863179
-0.09836235489220564
-0.07198524517417351
-0.11979166666666667
-0.09375
-0.10106382978723404
-0.055232558139534885
-0.08333333333333333
0.023876404494382022
-0.09993734335839599
-0.06607142857142857
-0.04386467889908257
-0.08984375
-0.018518518518518517
-0.0508578431372549
-0.07045454545454545
-0.05434782608695652
-0.07327586206896551
-0.08304794520547945
-0.08653846153846154
-0.04814814814814815
-0.10648148148148148
-0.03571428571428571
-0.03720238095238095
-0.12046632124352331
-0.125
-0.10202205882352941
-0.10013623978201634
-0.08272058823529412
-0.0804372197309417
-0.06048387096774194
0
-0.11458333333333333
-0.06944444444444445
0
-0.07575757575757576
-0.08695652173913043
-0.075
-0.048728813559322036
-0.09655898876404495
-0.09046052631578948
-0.047453703703703706
-0.028846153846153848
-0.0625
-0.10102739726027397
-0.08181818181818182
-0.076171875
-0.050213675213675216
-0.125
0
-0.075
-0.09926470588235294
-0.1
-0.11486486486486487
-0.042279411764705885
-0.09482758620689655
-0.06296992481203008
-0.11673553719008264
-0.125
-0.0775
0
0
0.025
-0.07795698924731183
-0.09375
-0.07364341085271318
0.005434782608695652
-0.125
-0.04025423728813559
0
0
0.125
-0.010416666666666666
-0.041666666666666664
-0.06382978723404255
-0.07848837209302326
0.0625
-0.09166666666666666
-0.09526112185686654
-0.07291666666666667
-0.057013769363166954
-0.09773489932885907
-0.06521739130434782
-0.07578740157480315
-0.0625
-0.125
-0.125
-0.013888888888888888
-0.08928571428571429
-0.125
-0.125
-0.11363636363636363
-0.11931818181818182
0.04573170731707317
0.017857142857142856
-0.075
-0.125
-0.125
-0.1
-0.0721830985915493
-0.06578947368421052
-0.09603658536585366
-0.06944444444444445
-0.125
0.0
-0.10625
-0.10416666666666667
-0.01893939393939394
-0.01293103448275862
0.08333333333333333
-0.035493827160493825
-0.125
0
0
0.017857142857142856
0
0.125
-0.09969325153374232
-0.09421641791044776
-0.0786741214057508
-0.04789473684210526
-0.05489864864864865
-0.047748447204968944
-0.056640625
-0.08928571428571429
-0.10894495412844037
0.005952380952380952
-0.012096774193548387
-0.058823529411764705
-0.125
0
0.125
-0.09523809523809523
-0.005434782608695652
-0.0875
-0.04296875
-0.0425
-0.09280936454849498
-0.041666666666666664
0
-0.041666666666666664
-0.041666666666666664
-0.075
0.125
-0.09375
-0.08928571428571429
-0.03571428571428571
0.125
-0.125
-0.05357142857142857
0
0
0
0.05461165048543689
-0.075
-0.0078125
0.041666666666666664
-0.041666666666666664
-0.05357142857142857
-0.07180851063829788
-0.09375
-0.0893854748603352
-0.05736301369863014
-0.1038135593220339
-0.07566518847006652
-0.07954545454545454
0
-0.05357142857142857
0.125
0.125
0.0
-0.048295454545454544
-0.07142857142857142
-0.07075471698113207
-0.1130952380952381
-0.0625
-0.1162280701754386
0.041666666666666664
-0.125
-0.1111111111111111
-0.051470588235294115
-0.125
-0.057112068965517244
-0.09375
0
-0.03879310344827586
-0.125
-0.125
0.03125
-0.09868421052631579
-0.125
-0.09318181818181819
-0.125
0
-0.125
0
0
0.0
-0.0661764705882353
-0.03125
-0.03833333333333333
-0.056818181818181816
-0.09943181818181818
-0.03017241379310345
-0.125
-0.125
-0.06944444444444445
-0.125
-0.125
-0.0875
0
0
0
-0.07954545454545454
-0.125
-0.125
-0.10759493670886076
-0.08928571428571429
-0.10961538461538461
-0.125
-0.125
-0.05357142857142857
0
0
0
-0.07142857142857142
-0.0625
-0.03125
-0.025
-0.125
-0.07236842105263158
0
0
0
-0.0521978021978022
-0.055232558139534885
-0.07722446916076846
-0.022058823529411766
-0.05555555555555555
-0.08928571428571429
-0.08484738372093023
-0.06569343065693431
-0.070424013434089
-0.10369318181818182
-0.04868027888446215
-0.002776943860702492
-0.125
-0.08653846153846154
-0.03333333333333333
-0.125
-0.0625
0.04779411764705882
-0.125
-0.07848837209302326
0.0006720430107526882
-0.125
-0.017857142857142856
0.09313725490196079
-0.125
0.0
0.0
-0.08928571428571429
0.029166666666666667
0.02806122448979592
0
0.0
0.125
-0.125
0.009615384615384616
0.07142857142857142
-0.00528169014084507
-0.07169117647058823
-0.08624031007751938
-0.125
-0.125
0.013888888888888888
-0.125
0.125
0.058823529411764705
-0.039473684210526314
0.005434782608695652
-0.03977272727272727
-0.08088235294117647
-0.013888888888888888
-0.008152173913043478
-0.028846153846153848
0.025
-0.0625
-0.017857142857142856
-0.1
-0.06818181818181818
0
0.0
0.0
-0.125
-0.0625
-0.075
-0.10833333333333334
-0.10679611650485436
-0.07007575757575757
-0.125
-0.125
-0.09722222222222222
0
0
-0.08333333333333333
-0.125
-0.041666666666666664
-0.04924242424242424
0.0
0.125
0.09722222222222222
0
0
0
-0.04807692307692308
-0.12091121495327103
-0.06349206349206349
-0.125
-0.125
0.041666666666666664
-0.10472972972972973
-0.11964285714285715
-0.045454545454545456
-0.11388888888888889
-0.06525735294117647
-0.09475806451612903
-0.125
0
-0.09375
0
-0.125
-0.125
-0.125
0.125
-0.09166666666666666
0.075
0.125
0.10613207547169812
-0.125
-0.125
-0.0625
-0.125
-0.125
0.08415841584158416
0.125
0
0.041666666666666664
-0.125
-0.09558823529411764
-0.06578947368421052
-0.11095505617977527
-0.0971590909090909
-0.07691713048855905
-0.125
-0.125
-0.125
-0.125
0.0
0.013157894736842105
-0.10400763358778627
-0.06707317073170732
-0.08762845215157354
-0.04078613693998309
-0.05377435064935065
-0.02801188173528599
-0.08928571428571429
-0.06278801843317973
-0.03923611111111111
-0.04891304347826087
-0.11388888888888889
-0.08952702702702703
-0.125
-0.125
-0.125
-0.11666666666666667
-0.08072916666666667
-0.07593457943925233
-0.038461538461538464
-0.05909090909090909
-0.10043668122270742
-0.125
0
-0.041666666666666664
0
-0.125
0.125
-0.125
0.06666666666666667
-0.07922535211267606
-0.125
0.125
0.05221518987341772
0
0
0
-0.125
-0.11217948717948718
-0.044642857142857144
-0.125
-0.09375
-0.041666666666666664
-0.125
-0.1074561403508772
-0.04610655737704918
-0.10833333333333334
-0.08139534883720931
-0.10067114093959731
-0.125
0
-0.125
0
0.0
0
-0.125
-0.11538461538461539
-0.10119047619047619
-0.125
-0.125
-0.125
-0.125
0.125
-0.125
-0.041666666666666664
-0.10119047619047619
-0.0390625
0
0.125
0
0
0
-0.041666666666666664
0
-0.023972602739726026
-0.0916095890410959
0
0
0
-0.125
-0.125
-0.013888888888888888
-0.11363636363636363
0.039634146341463415
0.005952380952380952
-0.09375
-0.075
-0.05327868852459016
-0.125
-0.125
-0.05357142857142857
0
0
0
0
0
0
0
0
0
-0.125
-0.07258064516129033
-0.07794117647058824
0
-0.125
-0.125
0
0
0
-0.125
-0.09807692307692308
-0.07488207547169812
-0.0625
-0.075
-0.09183673469387756
0
0
0
-0.04411764705882353
-0.09353146853146853
-0.0661764705882353
0
0.09375
-0.07352941176470588
-0.10479797979797979
-0.10721153846153846
-0.09536384976525822
-0.08147321428571429
-0.0625
-0.06401668351870576
0.0
-0.125
-0.12076271186440678
0.08333333333333333
-0.041666666666666664
0.02976190476190476
-0.125
-0.125
-0.05851063829787234
-0.125
-0.125
0.041666666666666664
0.125
-0.125
0.027777777777777776
-0.125
0.125
-0.0014367816091954023
0.0
0
0.045454545454545456
-0.109375
0.125
-0.085
-0.011363636363636364
-0.08653846153846154
-0.05675287356321839
-0.125
-0.125
-0.125
0.056818181818181816
-0.125
-0.11458333333333333
-0.125
0
-0.049107142857142856
-0.04336734693877551
-0.125
-0.05555555555555555
-0.125
-0.125
-0.022727272727272728
-0.125
-0.125
-0.020833333333333332
-0.125
0
-0.125
-0.125
0
-0.10714285714285714
0.025
-0.125
-0.03741496598639456
0
0
-0.09375
0.0
0
0.125
-0.125
-0.125
0.0023584905660377358
-0.125
-0.125
0.025
-0.125
0
0
-0.125
-0.125
0.023876404494382022
-0.07954545454545454
0
0.0
-0.009615384615384616
-0.125
0.035526315789473684
-0.10887096774193548
-0.0875
-0.0847672064777328
-0.125
0
-0.125
-0.125
0
-0.125
-0.125
-0.125
-0.09308510638297872
0
0
0.0
-0.125
0
-0.09375
-0.0625
-0.041666666666666664
-0.061274509803921566
0.0
0
0.0
-0.125
0
-0.08333333333333333
-0.125
0
-0.027083333333333334
0
0
-0.125
0
0
-0.075
-0.10096153846153846
-0.0875
-0.039874551971326166
-0.056818181818181816
0.005434782608695652
-0.00029976019184652276
0.05357142857142857
0.017857142857142856
-0.023936170212765957
-0.06818181818181818
-0.017857142857142856
-0.0007352941176470588
0
0
0
0.0661764705882353
0.125
-0.057692307692307696
0.125
-0.125
-0.05619266055045872
0
0
0.041666666666666664
0
0
0
0
0
0
0
0
0
0
0
0
-0.125
0.041666666666666664
-0.055
0
0
0.041666666666666664
-0.125
-0.125
-0.029320987654320986
-0.125
-0.11944444444444445
-0.0296420581655481
-0.125
0
-0.125
0
0
0.125
-0.08928571428571429
-0.10576923076923077
0.010964912280701754
0.125
-0.125
0.06465517241379311
0.125
0
0.125
-0.125
-0.125
-0.0044964028776978415
0
0
0.017857142857142856
-0.125
0
0.010964912280701754
-0.125
-0.075
-0.0390625
-0.125
-0.125
-0.125
0.125
0
0.0
-0.125
-0.125
-0.007954545454545454
0.028846153846153848
-0.025
0.004132231404958678
0.017857142857142856
-0.125
-0.03125
0.05357142857142857
-0.041666666666666664
-0.04241071428571429
0
0
0
-0.125
0
-0.043478260869565216
-0.10947712418300654
-0.10098870056497175
-0.018850658857979503
-0.125
-0.11363636363636363
-0.075
0.125
-0.125
-0.009615384615384616
-0.07291666666666667
-0.09558823529411764
-0.028237951807228916
0.0
-0.125
-0.007352941176470588
-0.125
-0.125
-0.07954545454545454
-0.07724056603773585
-0.08116883116883117
-0.03417602996254682
-0.08052884615384616
-0.051470588235294115
-0.03377110694183865
-0.08204155672823218
-0.09792993630573249
-0.04491817878214405
-0.10833333333333334
-0.0997601395551679
-0.11327433628318584
-0.125
-0.125
-0.125
0.125
-0.09221311475409837
-0.125
-0.125
-0.10086206896551723
-0.12090163934426229
0
-0.08108108108108109
-0.08653846153846154
0
-0.10585585585585586
-0.125
0
-0.1
-0.125
0
-0.038461538461538464
0
0.075
-0.11137820512820513
-0.125
-0.125
-0.10024752475247525
-0.125
0
-0.125
-0.125
0
-0.09121621621621621
-0.125
-0.125
-0.125
-0.125
0.041666666666666664
-0.08649553571428571
-0.09642857142857143
0
-0.07
-0.125
0
-0.10141509433962265
-0.125
0
0
0
0
-0.12215909090909091
-0.125
0
-0.11179577464788733
-0.08928571428571429
0
-0.046875
0.0
0
0.125
0
0
-0.125
-0.125
0
-0.08552631578947369
-0.125
0
0
0
0
-0.1
-0.125
0
-0.125
-0.125
-0.125
-0.10975609756097561
-0.0625
-0.125
-0.1186046511627907
-0.10897435897435898
0
-0.125
0
0
-0.125
-0.125
0
-0.125
-0.125
0
-0.125
-0.125
0
-0.125
0
0
-0.1125
-0.125
0
-0.125
0
0
-0.125
-0.125
0.125
-0.125
0
0
0
0
0
-0.125
0
-0.125
-0.12229102167182662
-0.11693548387096774
0.125
-0.09195652173913044
-0.10206422018348624
0.125
-0.11469072164948453
-0.125
0
-0.08333333333333333
-0.125
0
0
0
0
-0.125
-0.125
0
-0.11134453781512606
-0.125
0
-0.125
0
0
0
0
-0.125
-0.115
-0.125
0.0
-0.125
-0.125
0
0
0
0
-0.125
-0.125
0
-0.08333333333333333
0
0
-0.1228813559322034
-0.125
-0.125
-0.10186832740213524
-0.11271367521367522
0
-0.125
-0.125
0
-0.05
-0.0625
0.125
-0.10648148148148148
-0.10416666666666667
0
-0.125
-0.075
0
-0.125
0
-0.041666666666666664
-0.10661764705882353
-0.125
0
-0.09722222222222222
0
0.125
-0.041666666666666664
-0.125
0
-0.08333333333333333
-0.125
0
0
-0.125
0
-0.125
0
0
0
0
0
-0.10576923076923077
-0.041666666666666664
0
-0.125
-0.0625
0
-0.0625
-0.125
0
0
0
0.125
-0.125
0.041666666666666664
-0.125
-0.10714285714285714
-0.12242268041237113
0
0.0
0
0
0
0
0
-0.125
-0.125
0
-0.125
0
0
0
0
-0.125
-0.10185185185185185
-0.11287313432835822
0.0
-0.125
-0.025
-0.017045454545454544
-0.10986842105263157
-0.10043352601156069
0.0
-0.020920815836832633
-0.09817351598173515
-0.125
-0.125
-0.125
0
-0.03389830508474576
-0.1130952380952381
0
-0.07053571428571428
-0.125
0
-0.022727272727272728
-0.125
0
-0.125
-0.1111111111111111
0
-0.02638888888888889
-0.08928571428571429
0
0.025
-0.125
0
-0.02412280701754386
-0.125
-0.125
-0.09342105263157895
-0.057692307692307696
0
-0.125
0
0
-0.03125
-0.125
0
-0.041666666666666664
-0.0625
0
-0.09330985915492958
-0.10714285714285714
0
-0.08928571428571429
0
0
-0.12121212121212122
0.0
0
0
0
0
-0.09615384615384616
-0.125
-0.125
-0.10608552631578948
-0.11388888888888889
0
-0.075
-0.09375
0
0.125
0.025
0
-0.06944444444444445
-0.125
0
-0.0625
0
0
0
0
0
-0.11956521739130435
-0.041666666666666664
0
-0.125
-0.125
-0.08333333333333333
-0.08819444444444445
-0.07618025751072961
-0.12
-0.0957512315270936
-0.10272277227722772
-0.125
-0.06854838709677419
-0.09868421052631579
0
-0.085
-0.10227272727272728
0
-0.08333333333333333
-0.09576023391812866
-0.125
-0.09166666666666666
-0.08333333333333333
-0.125
-0.11637931034482758
-0.125
-0.125
-0.054969879518072286
-0.08832046332046332
-0.125
-0.03125
0.0
-0.125
-0.11098130841121495
-0.08292079207920793
-0.10760869565217392
-0.09637734915924827
-0.09948979591836735
-0.125
-0.11684782608695653
-0.11697247706422019
-0.041666666666666664
-0.09438775510204081
-0.10625
-0.11654589371980677
-0.07593588881416723
-0.09832047064777327
-0.05666049953746531
0.049513262838067444
0.005339349622801823
-0.041666666666666664
0.004142011834319527
-0.061483739837398375
-0.125
-0.04078389830508475
-0.05189822294022617
0
0
0
0.0
-0.012733887733887735
0.002238805970149254
-0.0625
-0.058019713261648745
-0.07007575757575757
0
0.071875
0.0125
0
0.05
0.041666666666666664
0
-0.06484962406015038
-0.0846774193548387
0
-0.07884615384615384
-0.1
0
0
0
-0.125
-0.07510885341074021
-0.06798245614035088
0
0.03373015873015873
-0.09821428571428571
0.041666666666666664
-0.05233895705521473
-0.05685358255451713
-0.125
-0.08217592592592593
-0.09320175438596491
0
0.025
-0.125
0
0.125
0.0625
0.125
-0.09068627450980392
-0.05357142857142857
0
0.125
0.0
0
0.041666666666666664
0.125
-0.125
0.03409090909090909
-0.075
0
0.125
0
0
0.125
-0.125
0
-0.09745260663507109
-0.12171052631578948
0
-0.0625
-0.125
0
0.039473684210526314
-0.125
0
-0.04667721518987342
-0.09558823529411764
-0.125
-0.02728013029315961
-0.044753086419753084
0
-0.0625
0.0
0
0
0
0
0
0
0
0
0
-0.125
-0.05
-0.04253926701570681
-0.125
-0.07894736842105263
-0.08928571428571429
0
0.1
0.125
0.041666666666666664
-0.06563245823389022
-0.07381889763779527
0
-0.04344919786096257
-0.06323529411764706
0
0
0
-0.125
-0.032784872298624756
-0.06693989071038252
0
-0.07675438596491228
-0.08928571428571429
-0.125
-0.077217125382263
-0.07645631067961164
-0.1206896551724138
-0.02248062015503876
-0.07847222222222222
0
0.09375
-0.125
0.125
0.11458333333333333
0.125
0
0.040865384615384616
-0.007352941176470588
0
0.125
0.09375
0
0.125
0.125
0
-0.007978723404255319
-0.08333333333333333
0
0.09821428571428571
0.08333333333333333
0
0.0
-0.125
0.041666666666666664
-0.007716049382716049
-0.005434782608695652
0
-0.125
-0.125
0
0.125
0
0
-0.026785714285714284
-0.125
0.125
0.021788990825688075
-0.06428571428571428
0
0.0
0
0
0.05357142857142857
-0.09375
0
0
0
0
0.0
0
-0.0625
-0.05952380952380952
-0.005952380952380952
0
-0.125
-0.125
0.125
0.125
0
-0.125
0.018518518518518517
0.0625
0
0.125
0.125
0
0
0
0
-0.04741379310344827
0.0
0.125
0.125
0.0625
0.0
0.0625
0.017857142857142856
0
0
0
0
0
0
0
0
0
0
0
0
0
0
0
0
0
0
0
0
0
0
0
0
0
0
0
0
0
0
0
0
0
0
0
0
0
0
0
0
0
0
0
0
0
0
0
0
0
0
0
0
0
0
0
0
0
0
0
0
0
0
0
0
0
0
0
0
0
0
0
0
0
0
0
0
0
0
0
0
0
-0.125
-0.02230359520639148
-0.10394736842105264
0
0.03125
-0.08333333333333333
0.125
0.08333333333333333
-0.125
0.0
-0.038875598086124404
0.008333333333333333
0.125
0.05232558139534884
-0.0625
0
0
0
0
0.0078125
0.04722222222222222
0
0.04411764705882353
0.075
0
0.07415254237288135
0.041666666666666664
0.125
-0.05122950819672131
-0.125
0
-0.125
-0.125
0
0.041666666666666664
0
0
-0.08653846153846154
-0.125
0.125
-0.054455445544554455
-0.09722222222222222
0
-0.125
-0.125
0
0
0
0
0
0
0
0
0
-0.10597826086956522
-0.05301015473887814
-0.09748427672955975
0
0.026685393258426966
-0.08928571428571429
0.125
0.07838983050847458
0.03
0
-0.03380681818181818
-0.022058823529411766
0.125
-0.008802816901408451
-0.11904761904761904
0
0
0
-0.10737179487179487
-0.03435159176029962
-0.046921697549312615
0.125
-0.016129032258064516
-0.07371794871794872
-0.044386422976501305
-0.07820756540791339
-0.0853539156626506
-0.11458333333333333
0.08266129032258064
-0.09539473684210527
-0.125
-0.125
-0.1159090909090909
0
0
-0.0625
-0.125
0
-0.09558823529411764
-0.125
-0.008333333333333333
-0.09313725490196079
-0.125
-0.125
-0.125
0
-0.0625
-0.04807692307692308
0
0
0.125
-0.125
-0.125
-0.125
-0.08333333333333333
0.125
-0.10326086956521739
-0.125
0
-0.125
0
0
-0.08333333333333333
-0.125
0.125
-0.125
-0.125
-0.125
-0.11979166666666667
-0.125
-0.125
-0.125
0
0
-0.125
0
0
0
-0.125
-0.125
-0.10416666666666667
0
0.125
-0.039634146341463415
0
0
-0.125
0
0
-0.125
-0.125
0
0.0
0
0
0
0
0
-0.125
0
0
0.0
0
0
0.125
-0.125
0.041666666666666664
-0.10606060606060606
-0.016304347826086956
-0.04861111111111111
-0.031791907514450865
-0.125
-0.125
-0.125
0
0
0
-0.125
-0.017857142857142856
-0.026515151515151516
-0.125
-0.03409090909090909
0.01293103448275862
-0.125
-0.125
-0.05357142857142857
-0.125
0.05357142857142857
-0.125
0
0.0
0
-0.125
-0.125
-0.125
-0.125
-0.125
-0.08984375
-0.125
0
-0.125
-0.125
-0.125
-0.125
-0.125
-0.019230769230769232
-0.058333333333333334
-0.0625
-0.0715648854961832
-0.07154255319148936
-0.125
-0.125
-0.10648148148148148
0.0
-0.125
-0.10227272727272728
-0.125
0
-0.125
-0.125
0
-0.056818181818181816
-0.125
0.0
-0.022727272727272728
0
0
0
0
0
0
0
-0.125
-0.08333333333333333
0
-0.125
-0.125
0
0
0
0
0
-0.08928571428571429
0
0.125
-0.0625
-0.125
-0.125
-0.08962264150943396
0
0.125
-0.007352941176470588
0
0
0.125
0
0
-0.125
0
0
0.041666666666666664
0
0
-0.125
0
0
0
0
0
-0.075
0
0
0.125
0
0
-0.125
0
0.125
-0.041666666666666664
0
0
0
0
0
-0.125
0
0
-0.017857142857142856
0
0
-0.0375
0
0
-0.125
0
0
-0.125
0
0
0
0
0
-0.125
0
-0.125
-0.125
0
0
0
0
0
0
0
0
0
0
0
-0.125
0
0
-0.125
0
0.125
-0.052083333333333336
0
0.125
-0.06944444444444445
-0.1111111111111111
-0.125
-0.08653846153846154
-0.11904761904761904
0.026119402985074626
-0.06762028608582575
-0.125
-0.125
-0.12171052631578948
-0.125
-0.125
-0.11148648648648649
-0.125
-0.125
-0.0975609756097561
-0.125
0.09722222222222222
-0.10576923076923077
-0.125
0
-0.12
0
0.075
-0.125
0
0.125
0
-0.125
-0.125
-0.12228260869565218
0.0
0.05357142857142857
-0.10606060606060606
0
-0.125
-0.125
0
0.125
-0.125
-0.125
-0.125
-0.125
0.0
0.125
-0.09977064220183486
-0.03571428571428571
-0.014705882352941176
-0.1
-0.125
0
-0.125
0
0
-0.125
-0.125
-0.125
-0.125
-0.125
-0.125
-0.103125
0
-0.125
-0.125
0
0
0
0
-0.125
-0.125
0
0
0.125
0
0
0
0
0
-0.125
0
0
0
-0.125
-0.125
-0.10699152542372882
-0.125
0.0012254901960784314
-0.09440789473684211
-0.125
-0.125
-0.11363636363636363
-0.125
-0.125
-0.05357142857142857
-0.125
-0.125
-0.11413043478260869
0.017857142857142856
0.07954545454545454
-0.0625
-0.125
-0.125
-0.125
0
-0.125
-0.125
0
0.125
-0.125
-0.125
-0.125
-0.125
-0.125
-0.08460365853658537
-0.11347802786709539
-0.125
-0.125
-0.125
-0.125
-0.125
-0.10833333333333334
-0.1056547619047619
-0.06803097345132743
-0.1065734055354994
-0.03189300411522634
0.05750560119492158
-0.02266168417936954
-0.125
0.05357142857142857
-0.06367924528301887
-0.125
-0.125
-0.056818181818181816
-0.125
0
-0.125
-0.125
0.125
-0.007352941176470588
-0.125
-0.049107142857142856
-0.014344262295081968
0
-0.125
0.011363636363636364
0
0
-0.075
0
0.125
-0.1162280701754386
0
-0.125
-0.10714285714285714
0
0
0
0
0.0
-0.084375
0
0
-0.025
-0.125
-0.022058823529411766
-0.10098870056497175
0
0
-0.125
0
0
0
0
0
-0.125
0
0.125
-0.125
0
0.125
0
0
0
0
0
-0.125
-0.0625
0
0
0
0
0
0
0
0
0
0
0
0
0
0
0
0
0
0
0
0
0
0
0
0
0
0
0
0
0
0
0
0
0
0
0
-0.125
0
0
-0.125
0
0
-0.125
0
0
-0.125
0
0
-0.125
0
0
0
0
0.008333333333333333
0.008333333333333333
0
0
-0.125
-0.10904255319148937
-0.125
-0.10576923076923077
-0.06932773109243698
-0.002397260273972603
-0.10976205997392438
-0.125
-0.041666666666666664
-0.11127167630057803
0.125
0.041666666666666664
-0.08759842519685039
0.025
0.036458333333333336
-0.08738938053097345
0.08653846153846154
0.056818181818181816
-0.06833333333333333
0
-0.125
-0.12268518518518519
-0.125
-0.02696078431372549
-0.08154296875
-0.125
0.109375
-0.01293103448275862
0.0
0.04391891891891892
-0.07236842105263158
-0.10833333333333334
-0.013888888888888888
-0.07962046204620463
0.125
-0.125
-0.10714285714285714
0
-0.125
-0.10991379310344827
-0.125
0.08333333333333333
-0.08967391304347826
-0.07045454545454545
-0.08287292817679558
-0.09331683168316832
-0.125
-0.125
-0.11141304347826086
-0.125
-0.125
-0.10227272727272728
0
0
-0.125
0
-0.075
-0.10326086956521739
0.125
-0.08928571428571429
-0.08898305084745763
-0.041666666666666664
-0.05555555555555555
-0.10119047619047619
0.125
0.125
-0.041666666666666664
0.125
-0.015625
-0.015625
0.10227272727272728
0.08928571428571429
-0.05921052631578947
0.125
0
-0.125
-0.125
-0.125
-0.11298076923076923
0.041666666666666664
-0.041666666666666664
-0.095
-0.09375
0.06343283582089553
-0.09148936170212765
-0.11315789473684211
-0.06784188034188034
-0.1155703077851539
-0.125
-0.125
-0.11675824175824176
0.125
0.013888888888888888
-0.11363636363636363
-0.125
-0.08333333333333333
-0.11875
0.0
0.125
-0.09274193548387097
-0.125
-0.125
-0.125
-0.125
-0.09134615384615384
-0.09722222222222222
0
0
-0.125
-0.1111111111111111
-0.0625
-0.08333333333333333
-0.0625
-0.06465517241379311
-0.1192489851150203
-0.125
-0.125
-0.125
0
-0.125
-0.11666666666666667
-0.09702797202797203
-0.09097222222222222
-0.10235507246376811
0.016117478510028652
-0.005936227951153324
-0.026184676705048714
0.125
0.015625
-0.07675438596491228
-0.11805555555555555
-0.03977272727272727
-0.08076923076923077
0
0
0
-0.125
-0.06944444444444445
-0.11141304347826086
0
-0.11956521739130435
-0.10416666666666667
-0.125
0.125
-0.1
0
0.125
0.041666666666666664
0
0
0
0
0
0
0
0
0
0
-0.03125
-0.1078125
0
0.125
0.0
-0.10227272727272728
0.036585365853658534
-0.08816425120772947
-0.06693548387096775
0.05330560420315236
-0.09048250786163523
-0.09375
0.08463541666666667
-0.09591584158415842
0
0.07232142857142858
-0.07954545454545454
-0.11693548387096774
0.017476303317535545
-0.08248009101251422
-0.10833333333333334
0.07005494505494506
-0.07888888888888888
-0.125
-0.0744047619047619
-0.11805555555555555
-0.03125
0.0328125
-0.09567901234567901
-0.041666666666666664
0.09533898305084745
-0.061274509803921566
0.09375
0.05380794701986755
-0.10489949748743718
-0.09722222222222222
0.009309831181727905
-0.09947111472742066
-0.125
-0.11397058823529412
-0.125
0.08333333333333333
-0.03316326530612245
-0.11778846153846154
-0.05482456140350877
-0.06760204081632654
-0.0881109022556391
0.03036723163841808
0.013652912621359222
-0.07258654314968307
0.125
-0.04411764705882353
-0.10672169811320754
0.014344262295081968
-0.05454545454545454
-0.09263005780346821
0
0
0
-0.0659090909090909
-0.015718562874251496
-0.022183098591549297
-0.10303617571059431
-0.046685954760652286
-0.0909698134433299
-0.07649253731343283
-0.03200171821305842
-0.09766277128547579
-0.04487179487179487
0.0057251908396946565
-0.07320971867007672
-0.10819615912208505
-0.07094751509521598
-0.10506272401433692
-0.034518828451882845
-0.022780925401322
-0.09091596130592502
-0.125
-0.07142857142857142
-0.10734304932735426
-0.0989853704577631
-0.039274035317200785
-0.09406920819820416
-0.0910207423580786
-0.06226499109439937
-0.10784039468999543
-0.08772358334585902
-0.08034317265451044
-0.10663905560240068
