0.3061391744029883
0.22607173621744536
0.04482510368298864
0.5653496290837117
0.46325640498803566
0.2069576572252282
0.014024709493077547
0.44193237670051044
0.8185868235663745
0.38629913804282445
0.886670395826308
0.473676047539182
0.40537646831208685
0.5551149115543242
0.8868385774949963
0.9030675058859425
0.016727670950237084
0.17964745078504651
0.2688081773261094
0.7442777970517618
0.43242787244644565
0.6809753546642705
0.6885479830967774
0.7288717011561082
0.23427175631933206
0.985934630155945
0.7162607698036548
0.4938581071920263
0.977026884609553
0.8529016153048462
0.5072871774059253
0.9685917819429556
