0.3506414489926012
0.06775891609094598
0.7656675882915758
0.5884256365009373
0.7591294694887443
0.041432102925601844
0.4895234134200822
0.5113246389078134
0.36407112419052057
0.9093805937526114
0.28753276287285545
0.10997616033265367
0.639086458297964
0.06726852489685475
0.31313151091384217
0.7554566037576311
0.43651014740018157
0.14179366413360173
0.6868995235939195
0.9724091003780394
0.8963718689871494
0.10249177187546432
0.0017591767385671808
0.542084049587561
0.9228783038335114
0.32519837392105844
0.7895553075015745
0.6610993295001649
0.49896146620069537
0.5824025995398396
0.2405808273481247
0.7405222286146667
