0.0
0.00024060169171111548
-0.00024060169171111548
0.0005629319046509823
0.0003625384332251253
-0.001032494063159137
-0.0005629319046509823
0.001032494063159137
-0.0003625384332251253
-0.0008875978374889051
0.00034706728147156524
-0.0009882443175951738
-0.0013717421124828531
0.0005742176284811944
-0.0010777973740936705
-0.0013717421124828531
0.0013717421124828531
-0.0011316872427983538
0.0008875978374889051
0.0009882443175951738
-0.00034706728147156524
0.0013717421124828531
0.0011316872427983538
-0.0013717421124828531
0.0013717421124828531
0.0010777973740936705
-0.0005742176284811944
0.0
0.0
0.0
0.0
0.0011027730708195486
0.0
0.0
0.0
0.0
-0.0007185315827291137
0.00022862368541380886
-0.001066910531931108
0.0013717421124828531
0.0008494249234989976
0.0
0.0004572473708276177
0.0
-0.0006858710562414266
0.0
0.0
0.0
0.0
0.0012574302697759487
0.0
0.0013717421124828531
0.0013717421124828531
-0.0013717421124828531
0.0
0.0
0.0
0.0
0.0
0.0
0.0
0.0
-0.0011027730708195486
0.0
0.0
0.0
-0.0013717421124828531
0.0013717421124828531
-0.0013717421124828531
0.0
0.0
-0.0012574302697759487
0.0007185315827291137
0.001066910531931108
-0.00022862368541380886
-0.0004572473708276177
0.0006858710562414266
0.0
-0.0013717421124828531
0.0
-0.0008494249234989976
0.0005629319046509823
-0.0012345679012345679
0.00013717421124828533
0.0
0.0
0.0013717421124828531
0.0
0.0
-0.0007538402600130996
-0.0013717421124828531
0.0009798157946306096
-0.0013717421124828531
0.0
0.0013717421124828531
-0.0013717421124828531
-0.0013717421124828531
0.0
-0.0010366600697389503
0.0013717421124828531
0.0013717421124828531
0.0013717421124828531
0.0
0.0013717421124828531
0.0
0.0013717421124828531
0.0
0.0006235191420376605
0.0
0.0
0.0
0.0
0.0013717421124828531
0.0
0.0
0.0
0.0
0.0013717421124828531
0.0
-0.0007386303682599979
0.0
0.0013717421124828531
0.0
0.0013717421124828531
0.0013717421124828531
0.0009144947416552355
0.0
0.0
0.0
0.0
0.0
0.0
0.0
0.0
-0.0013717421124828531
0.0
0.0
0.0
0.0
0.0
0.0
0.0
0.0
-0.0004572473708276177
-0.0013717421124828531
0.0
-0.0013717421124828531
-0.0013717421124828531
0.0
0.0
0.0
0.0
-0.0009024619161071404
-0.0004572473708276177
0.0
-0.0013717421124828531
0.0
0.0
0.0
-0.0013717421124828531
0.0
-0.0013717421124828531
-0.0005629319046509823
-0.00013717421124828533
0.0012345679012345679
0.0
0.0007538402600130996
0.0
0.0
-0.0013717421124828531
0.0
-0.0013717421124828531
-0.0013717421124828531
-0.0013717421124828531
-0.0013717421124828531
-0.0006235191420376605
0.0
0.0
0.0
-0.0013717421124828531
0.0013717421124828531
0.0013717421124828531
-0.0009798157946306096
0.0013717421124828531
0.0010366600697389503
0.0
0.0
0.0013717421124828531
-0.0013717421124828531
0.0
0.0
0.0
0.0
0.0004572473708276177
0.0
0.0
0.0
0.0
0.0004572473708276177
0.0013717421124828531
0.0
0.0013717421124828531
0.0013717421124828531
0.0
0.0
0.0
0.0
0.0013717421124828531
0.0013717421124828531
0.0
0.0
0.0009024619161071404
0.0
0.0013717421124828531
0.0
0.0
0.0
0.0
0.0
0.0
0.0
0.0
0.0
0.0
-0.0013717421124828531
0.0
0.0
0.0
0.0
0.0013717421124828531
0.0
0.0
0.0
0.0
-0.0013717421124828531
0.0007386303682599979
0.0
-0.0013717421124828531
-0.0009144947416552355
-0.0013717421124828531
0.0
0.0
-0.0013717421124828531
0.00024060169171111548
-2.2862368541380887e-05
0.0
-0.0012345679012345679
0.0006560505755352777
-0.0004572473708276177
-0.00013717421124828533
0.0008230452674897119
-0.00026821773149106066
0.00034706728147156524
0.000257201646090535
-0.0006211662396148769
0.0009798157946306096
0.0006077338473025298
-0.0007620789513793629
-0.0013717421124828531
0.0004572473708276177
-0.0010737606798086755
0.0009882443175951738
0.0006016412774047602
0.0006211662396148769
0.0013717421124828531
0.0008707580366195503
0.0013717421124828531
0.0013717421124828531
0.0005486968449931413
-0.000177818421988518
0.0
0.0
0.0
0.0
0.0005878894767783657
0.0
0.0
0.0
0.0
0.00022862368541380886
-0.0013717421124828531
9.144947416552355e-05
0.0
0.0007811309251638469
0.0013717421124828531
0.0013717421124828531
0.0
0.0003266052648768698
0.0
0.0
0.0
0.0
0.0013717421124828531
0.0
0.0013717421124828531
-0.0013717421124828531
-0.0013717421124828531
0.0
0.0
0.0
0.0
0.0
0.0
0.0
0.0
-0.0011757789535567313
0.0
-0.0013717421124828531
0.0
0.0
-0.0004938271604938272
-0.0006096631611034903
0.0
0.0
-0.0013717421124828531
0.001066910531931108
0.0004572473708276177
-9.144947416552355e-05
0.0
0.0008230452674897119
0.0
0.0007386303682599979
-0.0013717421124828531
-0.0005182136869379668
0.0003625384332251253
0.0006560505755352777
0.00026821773149106066
0.0
-5.7155921353452216e-05
-0.00027434842249657066
0.0007538402600130996
0.0008230452674897119
0.0
0.0005742176284811944
0.0006077338473025298
0.000177818421988518
0.0013717421124828531
-0.0002847011931568186
0.0003741114852225963
-0.0006235191420376605
0.0009144947416552355
-0.0006801074339200701
0.0011316872427983538
0.0008707580366195503
0.0010737606798086755
0.0013717421124828531
0.0011742112482853223
-0.0013717421124828531
0.0010366600697389503
0.0012193263222069807
0.0006801074339200701
0.0011027730708195486
0.0005878894767783657
0.0011757789535567313
0.0013717421124828531
0.0004257130693912303
0.0013717421124828531
0.0004572473708276177
0.0013717421124828531
0.0009496676163342829
0.0008494249234989976
0.0007811309251638469
0.0005182136869379668
0.0013717421124828531
0.0011145404663923182
0.0011272732211492754
0.0013717421124828531
0.0005232418367202635
0.0003180163374960248
0.0012574302697759487
0.0013717421124828531
0.0013717421124828531
0.0
0.0009950248756218907
0.0013717421124828531
0.0009024619161071404
0.0006742461230847923
-0.0006110487591969073
0.0
0.0
0.0
0.0
0.0
0.0
0.0
0.0
-0.0009496676163342829
0.0013717421124828531
-0.0004938271604938272
0.0013717421124828531
0.0
0.0003578457684737878
4.424974556396301e-05
0.0013717421124828531
0.0004819634449264079
0.0006110487591969073
0.0006858710562414266
0.0008230452674897119
-0.0003266052648768698
0.0
0.0008946144211844695
0.0
-0.0009144947416552355
-0.0004572473708276177
-0.0003180163374960248
0.001032494063159137
0.0008230452674897119
0.0004572473708276177
0.0
0.0008230452674897119
0.0
-0.0013717421124828531
0.0
0.00027434842249657066
0.0013717421124828531
0.0004572473708276177
-0.0013717421124828531
0.0
0.0009144947416552355
0.0
0.0
0.0
0.0013717421124828531
0.0010777973740936705
0.0005486968449931413
0.0007620789513793629
0.0
0.0012193263222069807
0.0
0.0013717421124828531
0.0
-0.0003741114852225963
0.0
0.0
0.0
0.0
0.0013717421124828531
0.0
0.0
0.0
0.0
0.0
0.0
0.0
0.0013717421124828531
0.0005232418367202635
0.0009798157946306096
0.0
0.0
0.0
0.0013717421124828531
-0.0013717421124828531
0.0006096631611034903
0.0
0.0006742461230847923
0.0013717421124828531
0.0
0.0
-4.424974556396301e-05
0.0
0.0
0.0
0.0
0.0
0.0
0.0
0.0
-0.0013717421124828531
0.0
0.0
0.0
0.0
0.0004819634449264079
-0.0013717421124828531
0.0
0.0
-0.0013717421124828531
0.0
-0.0013717421124828531
-0.0013717421124828531
0.0
-0.0004572473708276177
-0.0009798157946306096
0.0
0.0
-0.0011272732211492754
-0.00024060169171111548
0.0
2.2862368541380887e-05
0.00013717421124828533
0.00026821773149106066
-0.0008230452674897119
0.0012345679012345679
0.0004572473708276177
-0.0006560505755352777
-0.0009882443175951738
-0.0006211662396148769
-0.0006016412774047602
-0.0013717421124828531
0.000177818421988518
-0.0005486968449931413
-0.0013717421124828531
-0.0013717421124828531
-0.0008707580366195503
-0.00034706728147156524
0.0006211662396148769
-0.000257201646090535
0.0013717421124828531
0.0010737606798086755
-0.0004572473708276177
-0.0009798157946306096
0.0007620789513793629
-0.0006077338473025298
0.0
0.0
0.0
0.0
0.0011757789535567313
0.0
0.0
0.0
0.0
-0.001066910531931108
9.144947416552355e-05
-0.0004572473708276177
-0.0007386303682599979
0.0005182136869379668
0.0013717421124828531
0.0
0.0
-0.0008230452674897119
0.0
0.0
0.0013717421124828531
0.0
0.0013717421124828531
0.0
0.0
0.0006096631611034903
0.0004938271604938272
0.0
0.0
0.0
0.0
0.0
0.0
0.0
0.0
-0.0005878894767783657
0.0
0.0
0.0
-0.0013717421124828531
0.0013717421124828531
0.0013717421124828531
0.0
0.0
-0.0013717421124828531
-0.00022862368541380886
-9.144947416552355e-05
0.0013717421124828531
-0.0013717421124828531
-0.0003266052648768698
0.0
0.0
-0.0013717421124828531
-0.0007811309251638469
-0.001032494063159137
-0.0004572473708276177
-0.0008230452674897119
0.0013717421124828531
-0.00027434842249657066
0.0
0.0
0.0
-0.0008230452674897119
-0.0010777973740936705
-0.0007620789513793629
-0.0005486968449931413
-0.0013717421124828531
0.0003741114852225963
0.0
0.0
0.0
-0.0012193263222069807
-0.0013717421124828531
0.0013717421124828531
-0.0004572473708276177
0.0
-0.0013717421124828531
0.0
0.0
0.0
-0.0009144947416552355
0.0
0.0
0.0
0.0
0.0013717421124828531
0.0
0.0
0.0
0.0
0.0
0.0013717421124828531
0.0013717421124828531
0.0
0.0011272732211492754
0.0
0.0
0.0009798157946306096
0.0004572473708276177
0.0
0.0
0.0
0.0
0.0013717421124828531
0.0
0.0
0.0013717421124828531
-0.0004819634449264079
0.0
0.0
0.0
0.0
0.0
0.0
0.0
0.0
-0.0013717421124828531
-0.0013717421124828531
-0.0006096631611034903
0.0013717421124828531
0.0
4.424974556396301e-05
0.0
0.0
-0.0013717421124828531
-0.0006742461230847923
0.0
0.0
0.0
0.0
0.0
0.0
-0.0013717421124828531
-0.0009798157946306096
-0.0005232418367202635
-0.0003625384332251253
-0.00026821773149106066
-0.0006560505755352777
-0.0007538402600130996
0.0
-0.0008230452674897119
0.0
0.00027434842249657066
5.7155921353452216e-05
-0.0011316872427983538
-0.0010737606798086755
-0.0008707580366195503
-0.0010366600697389503
-0.0006801074339200701
-0.0012193263222069807
-0.0013717421124828531
0.0013717421124828531
-0.0011742112482853223
-0.0005742176284811944
-0.000177818421988518
-0.0006077338473025298
0.0006235191420376605
0.0006801074339200701
-0.0009144947416552355
-0.0013717421124828531
-0.0003741114852225963
0.0002847011931568186
0.0
0.0
0.0
0.0
0.0009496676163342829
0.0
0.0
0.0
0.0
-0.0006858710562414266
0.0003266052648768698
-0.0008230452674897119
0.0009144947416552355
0.0003180163374960248
0.0004572473708276177
0.0
0.0
-0.0008946144211844695
-0.0013717421124828531
-0.0013717421124828531
0.0004938271604938272
-0.0013717421124828531
-0.0006110487591969073
-0.0004819634449264079
0.0
-4.424974556396301e-05
-0.0003578457684737878
-0.0011027730708195486
-0.0011757789535567313
-0.0005878894767783657
-0.0004572473708276177
-0.0009496676163342829
-0.0013717421124828531
-0.0013717421124828531
-0.0013717421124828531
-0.0004257130693912303
-0.0012574302697759487
-0.0013717421124828531
-0.0013717421124828531
-0.0009024619161071404
0.0006110487591969073
-0.0006742461230847923
0.0
-0.0013717421124828531
-0.0009950248756218907
-0.0008494249234989976
-0.0005182136869379668
-0.0007811309251638469
-0.0013717421124828531
-0.0003180163374960248
-0.0005232418367202635
-0.0013717421124828531
-0.0011272732211492754
-0.0011145404663923182
0.0
0.0
0.0
0.0
0.0
0.0
0.0
0.0
0.0
-0.0002644430146593313
0.0010619938935351122
-0.0005687711198099635
0.0010619938935351122
0.0013717421124828531
0.0
-0.0005687711198099635
0.0
0.0
0.0002644430146593313
0.0005687711198099635
-0.0010619938935351122
0.0005687711198099635
0.0
0.0
-0.0010619938935351122
0.0
-0.0013717421124828531
0.0
0.0
0.0
0.0
0.0
0.0
0.0
0.0
0.0
-0.0005135604686548311
-4.1093558291212435e-05
-0.0005670366440413432
-4.1093558291212435e-05
-0.0006096631611034903
0.00020783971401255354
-0.0005670366440413432
0.00020783971401255354
0.0001959631589261219
-0.00024720440896334106
0.0004118630164030403
-0.0002547521066039585
0.0004118630164030403
0.0013717421124828531
0.000725063688026651
-0.0002547521066039585
0.000725063688026651
-0.0006858710562414266
0.0
0.0
0.0
0.0
0.0
0.0
0.0
0.0
0.0
0.00024720440896334106
0.0002547521066039585
-0.0004118630164030403
0.0002547521066039585
0.0006858710562414266
-0.000725063688026651
-0.0004118630164030403
-0.000725063688026651
-0.0013717421124828531
0.0005135604686548311
0.0005670366440413432
4.1093558291212435e-05
0.0005670366440413432
-0.0001959631589261219
-0.00020783971401255354
4.1093558291212435e-05
-0.00020783971401255354
0.0006096631611034903
0.0
0.0
0.0
0.0
0.0
0.0
0.0
0.0
0.0
0.00022124872781981503
-0.0009798157946306096
-0.0013717421124828531
-0.0009798157946306096
0.0004572473708276177
-0.0013717421124828531
-0.0013717421124828531
-0.0013717421124828531
0.0
0.0013717421124828531
0.0013717421124828531
0.0
0.0013717421124828531
0.0
0.0013717421124828531
0.0
0.0013717421124828531
0.0
0.0
0.0
0.0
0.0
0.0
0.0
0.0
0.0
0.0
-0.0005496697117395831
0.00017724757633205408
-0.0010808666765828748
0.00017724757633205408
-0.0005878894767783657
-0.0007185315827291137
-0.0010808666765828748
-0.0007185315827291137
-0.0011129228459766545
-0.0002887878131542849
-0.0005715592135345222
-0.0009438592517083853
-0.0005715592135345222
0.0
-0.0009430727023319616
-0.0009438592517083853
-0.0009430727023319616
-0.0013717421124828531
0.0
0.0
0.0
0.0
0.0
0.0
0.0
0.0
0.0
-0.0004572473708276177
-6.532105297537396e-05
-0.0005878894767783657
-6.532105297537396e-05
0.001066910531931108
-0.0013121011510705554
-0.0005878894767783657
-0.0013121011510705554
-0.0013717421124828531
-0.0005275931201857128
8.398421096833795e-05
-0.0012802926383173297
8.398421096833795e-05
0.0
-0.0011431184270690445
-0.0012802926383173297
-0.0011431184270690445
-0.0013717421124828531
0.0
0.0
0.0
0.0
0.0
0.0
0.0
0.0
0.0
-0.0013717421124828531
0.0
-0.0013717421124828531
0.0
0.0
-0.0013717421124828531
-0.0013717421124828531
-0.0013717421124828531
0.0
-0.00022124872781981503
0.0013717421124828531
0.0009798157946306096
0.0013717421124828531
0.0
0.0013717421124828531
0.0009798157946306096
0.0013717421124828531
-0.0004572473708276177
0.0
0.0
0.0
0.0
0.0
0.0
0.0
0.0
0.0
0.0005275931201857128
0.0012802926383173297
-8.398421096833795e-05
0.0012802926383173297
0.0013717421124828531
0.0011431184270690445
-8.398421096833795e-05
0.0011431184270690445
0.0
0.0004572473708276177
0.0005878894767783657
6.532105297537396e-05
0.0005878894767783657
0.0013717421124828531
0.0013121011510705554
6.532105297537396e-05
0.0013121011510705554
-0.001066910531931108
0.0
0.0
0.0
0.0
0.0
0.0
0.0
0.0
0.0
0.0002887878131542849
0.0009438592517083853
0.0005715592135345222
0.0009438592517083853
0.0013717421124828531
0.0009430727023319616
0.0005715592135345222
0.0009430727023319616
0.0
0.0005496697117395831
0.0010808666765828748
-0.00017724757633205408
0.0010808666765828748
0.0011129228459766545
0.0007185315827291137
-0.00017724757633205408
0.0007185315827291137
0.0005878894767783657
0.0
0.0
0.0
0.0
0.0
0.0
0.0
0.0
0.0
0.0
0.0013717421124828531
0.0
0.0013717421124828531
0.0
0.0
0.0
0.0
0.0
0.0
0.0
0.0
0.0
-0.0013717421124828531
-0.0013717421124828531
0.0
-0.0013717421124828531
0.0
0.0
0.0
0.0
0.0
0.0
0.0
0.0
0.0
0.0
0.0
0.0002233068555204645
0.0
0.0002233068555204645
0.0004572473708276177
0.0004572473708276177
0.0
0.0004572473708276177
0.0
0.0
0.0009327846364883403
0.0
0.0009327846364883403
0.0004572473708276177
0.0
0.0
0.0
0.0
0.0
0.0
0.0
0.0
0.0
0.0
0.0
0.0
0.0
0.0
0.001122334455667789
0.0
0.001122334455667789
0.0008729267988527247
0.0013717421124828531
0.0
0.0013717421124828531
0.0
0.0
0.0013717421124828531
0.0
0.0013717421124828531
0.0005878894767783657
0.0013717421124828531
0.0
0.0013717421124828531
0.0
0.0
0.0
0.0
0.0
0.0
0.0
0.0
0.0
0.0
0.0
0.0
0.0
0.0
0.0
0.0
0.0
0.0
0.0
0.0
0.0
0.0
0.0
0.0
0.0
0.0
0.0
0.0
0.0
0.0
0.0
0.0
0.0
0.0
0.0
0.0
0.0
-0.0006943386001456418
0.0006546950991395436
-0.00017699898225585203
0.0006546950991395436
0.0011532557666789915
0.0006200145847990414
-0.00017699898225585203
0.0006200145847990414
-0.0007620789513793629
-9.144947416552355e-05
0.0011073098980283274
-0.0010973936899862826
0.0011073098980283274
0.0010895031380118237
-9.024619161071402e-05
-0.0010973936899862826
-9.024619161071402e-05
-0.0013717421124828531
0.0
0.0
0.0
0.0
0.0
0.0
0.0
0.0
0.0
-0.0013717421124828531
0.00011928192282459593
0.0
0.00011928192282459593
0.0011962867260024883
0.0011535104127696721
0.0
0.0011535104127696721
0.0
-0.0013717421124828531
0.0010798820885503312
-0.0013717421124828531
0.0010798820885503312
0.0007423545549907206
0.00048723080498024843
-0.0013717421124828531
0.00048723080498024843
0.0
0.0
0.0
0.0
0.0
0.0
0.0
0.0
0.0
0.0
0.0
0.0
0.0
0.0
0.0
0.0
0.0
0.0
0.0
0.0
0.0013717421124828531
0.0
0.0013717421124828531
0.0013717421124828531
0.0
0.0
0.0
0.0
0.0
0.0
0.0
0.0
0.0
0.0
0.0
0.0
0.0
0.0013717421124828531
0.0013717421124828531
0.0007025996185887785
0.0013717421124828531
0.0012310506137666632
0.00037862565095680566
0.0007025996185887785
0.00037862565095680566
2.2487575614473004e-05
0.0013717421124828531
0.0013717421124828531
0.0008230452674897119
0.0013717421124828531
0.0006662747403488144
0.0009002057613168725
0.0008230452674897119
0.0009002057613168725
-0.0009144947416552355
0.0
0.0
0.0
0.0
0.0
0.0
0.0
0.0
0.0
0.0
0.0013717421124828531
-0.0005275931201857128
0.0013717421124828531
0.0009951854541542268
-0.0004627563752954203
-0.0005275931201857128
-0.0004627563752954203
-0.0003429355281207133
0.0
0.0012832426213549271
-0.0013717421124828531
0.0012832426213549271
0.0009014305310601607
-0.0010489792624868877
-0.0013717421124828531
-0.0010489792624868877
-0.0013717421124828531
0.0
0.0
0.0
0.0
0.0
0.0
0.0
0.0
0.0
0.0
0.0
0.0
0.0
0.0
0.0013717421124828531
0.0
0.0013717421124828531
0.0013717421124828531
0.0
0.0
-0.0013717421124828531
0.0
0.0
0.0
-0.0013717421124828531
0.0
0.0
0.0
0.0
0.0
0.0
0.0
0.0
0.0
0.0
0.0
0.0
0.0
-0.0013717421124828531
0.0
0.0
-0.0013717421124828531
-0.0013717421124828531
-0.0013717421124828531
-0.0005878894767783657
0.0
0.0
-0.001122334455667789
0.0
0.0
-0.0013717421124828531
-0.001122334455667789
-0.0013717421124828531
-0.0008729267988527247
0.0
0.0
0.0
0.0
0.0
0.0
0.0
0.0
0.0
0.0
0.0
-0.0009327846364883403
0.0
0.0
0.0
-0.0009327846364883403
0.0
-0.0004572473708276177
0.0
0.0
-0.0002233068555204645
0.0
0.0
-0.0004572473708276177
-0.0002233068555204645
-0.0004572473708276177
-0.0004572473708276177
0.0
0.0
0.0
0.0
0.0
0.0
0.0
0.0
0.0
0.0
0.0
-0.0013717421124828531
0.0
0.0
0.0
-0.0013717421124828531
0.0
-0.0013717421124828531
0.0
0.0
0.0
0.0
0.0
0.0
0.0
0.0
0.0
0.0
0.0
0.0
0.0
0.0
0.0
0.0
0.0
0.0
0.0
0.0013717421124828531
-0.0012832426213549271
0.0013717421124828531
0.0013717421124828531
0.0010489792624868877
-0.0012832426213549271
0.0010489792624868877
-0.0009014305310601607
0.0
0.0005275931201857128
-0.0013717421124828531
0.0005275931201857128
0.0003429355281207133
0.0004627563752954203
-0.0013717421124828531
0.0004627563752954203
-0.0009951854541542268
0.0
0.0
0.0
0.0
0.0
0.0
0.0
0.0
0.0
-0.0013717421124828531
-0.0008230452674897119
-0.0013717421124828531
-0.0008230452674897119
0.0009144947416552355
-0.0009002057613168725
-0.0013717421124828531
-0.0009002057613168725
-0.0006662747403488144
-0.0013717421124828531
-0.0007025996185887785
-0.0013717421124828531
-0.0007025996185887785
-2.2487575614473004e-05
-0.00037862565095680566
-0.0013717421124828531
-0.00037862565095680566
-0.0012310506137666632
0.0
0.0
0.0
0.0
0.0
0.0
0.0
0.0
0.0
0.0
0.0
0.0
0.0
0.0
0.0
0.0
0.0
0.0
0.0
0.0
0.0
0.0
0.0
0.0
0.0
0.0
0.0
0.0
0.0
0.0
0.0
0.0
0.0
0.0
0.0
0.0
0.0013717421124828531
0.0013717421124828531
-0.0010798820885503312
0.0013717421124828531
0.0
-0.00048723080498024843
-0.0010798820885503312
-0.00048723080498024843
-0.0007423545549907206
0.0013717421124828531
0.0
-0.00011928192282459593
0.0
0.0
-0.0011535104127696721
-0.00011928192282459593
-0.0011535104127696721
-0.0011962867260024883
0.0
0.0
0.0
0.0
0.0
0.0
0.0
0.0
0.0
9.144947416552355e-05
0.0010973936899862826
-0.0011073098980283274
0.0010973936899862826
0.0013717421124828531
9.024619161071402e-05
-0.0011073098980283274
9.024619161071402e-05
-0.0010895031380118237
0.0006943386001456418
0.00017699898225585203
-0.0006546950991395436
0.00017699898225585203
0.0007620789513793629
-0.0006200145847990414
-0.0006546950991395436
-0.0006200145847990414
-0.0011532557666789915
0.0
-0.0007109361114529072
0.0007109361114529072
-2.966998080352242e-06
-0.0009144947416552355
-0.00024207213749697412
2.966998080352242e-06
0.00024207213749697412
0.0009144947416552355
5.5611166722277836e-05
-0.0013717421124828531
-0.0005053786730199986
0.00023115457492023478
-0.0008230452674897119
0.0004988153136301285
-0.00023650726077290574
-0.0013717421124828531
0.0006858710562414266
-5.5611166722277836e-05
0.0005053786730199986
0.0013717421124828531
0.00023650726077290574
-0.0006858710562414266
0.0013717421124828531
-0.00023115457492023478
-0.0004988153136301285
0.0008230452674897119
-0.00014766628972903237
-0.000543395426200937
0.0006287151348879743
-0.0009653000050805264
-0.0008230452674897119
0.0013717421124828531
-0.0004697746960557716
-0.0001959631589261219
-0.0009144947416552355
0.00014697236919459142
-0.0013717421124828531
0.0009798157946306096
0.0003475730904227016
-0.0002883541978192184
0.0006103215446467986
-0.0005203159737003926
-0.0013717421124828531
0.0
0.00027976319399321346
-0.0004572473708276177
0.0
-0.0005588578976781994
-0.0007620789513793629
0.0013717421124828531
-0.0006155874497714572
-0.0009292446568432231
-0.0004572473708276177
0.00014766628972903237
-0.0006287151348879743
0.000543395426200937
0.0004697746960557716
0.0009144947416552355
0.0001959631589261219
0.0009653000050805264
-0.0013717421124828531
0.0008230452674897119
-0.00027976319399321346
0.0
0.0004572473708276177
0.0006155874497714572
0.0004572473708276177
0.0009292446568432231
0.0005588578976781994
-0.0013717421124828531
0.0007620789513793629
-0.00014697236919459142
-0.0009798157946306096
0.0013717421124828531
0.0005203159737003926
0.0
0.0013717421124828531
-0.0003475730904227016
-0.0006103215446467986
0.0002883541978192184
-9.024619161071402e-05
-0.0008230452674897119
0.0013717421124828531
-0.0012103606874848704
0.0006858710562414266
0.0
-0.00012470382840753212
0.00027434842249657066
0.0013717421124828531
-0.0010551862403714255
0.0
0.0
0.0005237560793116348
0.0
0.0009798157946306096
0.0007620789513793629
0.0
0.0013717421124828531
-0.00035399796451170406
-0.00030483158055174517
0.0
0.001122334455667789
0.0
0.0
0.00018628596589273316
-0.001288606226877832
0.001005944215820759
-0.0013717421124828531
0.0
0.0013717421124828531
0.0
0.0
0.0
-0.0008105748846489588
0.0
0.0
-0.00035926579136455683
-0.0011431184270690445
0.0013717421124828531
0.0004277475404516424
8.322284782845762e-05
0.0010174783837335279
-0.00041748672988608577
-0.0001959631589261219
0.0013717421124828531
-0.0013717421124828531
-0.0013717421124828531
0.0
0.0013717421124828531
0.0
0.0
-0.0009798157946306096
-0.0008230452674897119
-0.0013717421124828531
-0.0006096631611034903
0.0
0.0
0.0
-0.0004572473708276177
0.0
0.0
0.0013717421124828531
0.0
-0.0012345679012345679
-0.0012193263222069807
0.0
0.00031655587211142766
0.0013717421124828531
0.0006858710562414266
0.0
0.0
0.0
-0.00027434842249657066
0.0
0.0
0.0013717421124828531
0.0
0.0
-0.0012379136137040383
-0.0009367994914517047
-0.00102880658436214
9.024619161071402e-05
-0.0013717421124828531
0.0008230452674897119
0.00012470382840753212
-0.0013717421124828531
-0.00027434842249657066
0.0012103606874848704
0.0
-0.0006858710562414266
0.00035399796451170406
0.0
0.00030483158055174517
-0.00018628596589273316
-0.001005944215820759
0.001288606226877832
-0.001122334455667789
0.0
0.0
0.0010551862403714255
0.0
0.0
-0.0007620789513793629
-0.0013717421124828531
0.0
-0.0005237560793116348
-0.0009798157946306096
0.0
0.0006096631611034903
0.0
0.0
0.0
0.0
-0.0013717421124828531
0.0
0.0
0.0004572473708276177
0.00027434842249657066
0.0
0.0
0.0012379136137040383
0.00102880658436214
0.0009367994914517047
-0.0013717421124828531
0.0
0.0
0.0012345679012345679
0.0
0.0012193263222069807
0.0
0.0
0.0
-0.00031655587211142766
-0.0006858710562414266
-0.0013717421124828531
0.0013717421124828531
-0.0013717421124828531
0.0
0.0008105748846489588
0.0
0.0
0.0
0.0
0.0
0.0013717421124828531
0.0
0.0013717421124828531
0.0009798157946306096
0.0013717421124828531
0.0008230452674897119
-0.0013717421124828531
0.0
0.0
0.00035926579136455683
-0.0013717421124828531
0.0011431184270690445
0.00041748672988608577
-0.0013717421124828531
0.0001959631589261219
-0.0004277475404516424
-0.0010174783837335279
-8.322284782845762e-05
0.0013412589544276787
0.0005581980890622866
0.0011431184270690445
0.0013717421124828531
0.0008573388203017832
0.0013717421124828531
0.0
0.00012470382840753212
0.0013717421124828531
-0.0013717421124828531
0.0
0.0
-0.001066910531931108
0.0005486968449931413
0.0013717421124828531
-0.0013717421124828531
-0.0006858710562414266
0.0
-0.0013717421124828531
0.0010973936899862826
0.0
0.0
0.0008230452674897119
0.0013717421124828531
0.0004572473708276177
-0.00038103947568968145
-0.0013717421124828531
0.0013717421124828531
0.0012771392081736908
0.0
0.0
0.0
0.0
0.0
0.0013717421124828531
0.0
0.0
0.0004572473708276177
0.0
0.0013717421124828531
-0.00014439390657714244
0.0006235191420376605
0.0
0.0
-0.0006858710562414266
-0.0013717421124828531
-0.0004572473708276177
0.0
0.0
0.0013717421124828531
0.0
0.0
-0.0009798157946306096
0.0
0.0
-0.0005053786730199986
0.000649772579597141
0.0
0.0007838526357044876
0.0012345679012345679
0.0
0.0003429355281207133
0.0
0.0
0.0006858710562414266
0.0
0.0013717421124828531
0.0009144947416552355
0.0013717421124828531
0.0
0.0013717421124828531
0.0013717421124828531
0.0013717421124828531
0.0004572473708276177
0.0013717421124828531
0.0
0.0013717421124828531
0.0013717421124828531
0.001122334455667789
-0.0003524615150129553
0.0009798157946306096
0.0013717421124828531
0.001122334455667789
-0.0013717421124828531
0.0
0.0013717421124828531
0.0
0.0
0.0013717421124828531
0.0
0.0
0.0
-0.0013717421124828531
0.0
0.0013717421124828531
-0.0013717421124828531
0.0
0.0013717421124828531
-0.0013717421124828531
0.0
-0.00031655587211142766
0.0
0.0
0.0013717421124828531
0.0
0.0
0.0007620789513793629
0.0
0.0
0.0011307603900196494
-0.0013717421124828531
0.0
0.0013717421124828531
0.0013717421124828531
0.0
0.00051440329218107
0.0013717421124828531
-0.0013717421124828531
0.0013717421124828531
-0.000890429090559045
0.0011398983751618075
0.0010356004168842528
0.0004944127975205029
-0.0013717421124828531
0.0005852766346593507
0.00015241579027587258
0.0
0.0011646866992778943
0.00102880658436214
0.0
0.0013717421124828531
0.0
0.0009144947416552355
-0.0005757929854866297
-0.00022862368541380886
0.0
0.0009496676163342829
-0.0013717421124828531
0.0
0.0013717421124828531
0.0009144947416552355
0.0
0.0
0.0
0.0
0.0
0.0
0.0
0.0012411000065321053
0.0013717421124828531
0.0
0.0
0.0
0.0
0.0005275931201857128
-0.0013717421124828531
0.0
0.0013717421124828531
-0.0013717421124828531
0.0013717421124828531
0.000509504213207917
0.0011431184270690445
0.0
0.0013717421124828531
0.0008313588560502141
0.0
0.0013717421124828531
0.0013717421124828531
0.0
0.0
0.0013717421124828531
-0.0013717421124828531
0.0013717421124828531
0.0013717421124828531
0.0
0.0013717421124828531
0.0010973936899862826
0.0
0.0
0.0013717421124828531
0.0013717421124828531
0.0013717421124828531
0.0013717421124828531
0.0
0.0013717421124828531
0.0013717421124828531
0.0013717421124828531
0.0
0.0013717421124828531
0.0013717421124828531
0.0013717421124828531
0.0006858710562414266
0.0
0.0
0.0
0.0
0.0013717421124828531
0.0
0.0
0.0013717421124828531
0.00031655587211142766
0.0013717421124828531
-9.460290430916229e-05
0.0005359787062019096
0.0
0.0013717421124828531
0.0
0.0
0.0
0.0
0.0
0.0
0.0
0.0
0.0
0.0
0.0
0.0013717421124828531
0.00011122233344455567
0.0
0.0010973936899862826
-0.0013717421124828531
0.0
0.0
0.0013717421124828531
0.0
0.0013717421124828531
-0.0013717421124828531
0.0
0.0013717421124828531
0.0013717421124828531
0.0
0.0
0.0
-0.0004572473708276177
0.0009144947416552355
0.001122334455667789
0.0
0.0013717421124828531
0.0013717421124828531
0.0013717421124828531
7.631660825510882e-05
-0.0007436396750672743
-0.0013412589544276787
-0.0011431184270690445
-0.0005581980890622866
0.0
-0.0013717421124828531
-0.00012470382840753212
-0.0013717421124828531
-0.0013717421124828531
-0.0008573388203017832
0.0013717421124828531
0.0
-0.0010973936899862826
-0.0004572473708276177
0.0013717421124828531
0.00038103947568968145
0.0
-0.0013717421124828531
-0.0008230452674897119
0.0013717421124828531
0.0
0.0
0.0013717421124828531
0.0
0.0006858710562414266
0.001066910531931108
-0.0013717421124828531
-0.0005486968449931413
0.0
-0.000649772579597141
0.0005053786730199986
0.0
0.0
-0.0003429355281207133
0.0
-0.0012345679012345679
-0.0007838526357044876
-0.0013717421124828531
-0.0013717421124828531
-0.0004572473708276177
-0.001122334455667789
-0.0009798157946306096
0.0003524615150129553
0.0
-0.0013717421124828531
-0.0013717421124828531
0.0
0.0
-0.0006858710562414266
0.0
-0.0013717421124828531
-0.0013717421124828531
-0.0013717421124828531
-0.0013717421124828531
-0.0009144947416552355
-0.0013717421124828531
0.0
-0.0012771392081736908
0.0
0.0
-0.0013717421124828531
0.0
0.0
0.0
0.0013717421124828531
0.0
0.0004572473708276177
0.0
0.0
0.0009798157946306096
0.0
0.0
-0.0013717421124828531
0.0
0.0
-0.0004572473708276177
0.0
0.0006858710562414266
0.0
-0.0013717421124828531
-0.0006235191420376605
0.00014439390657714244
0.0
-0.0008313588560502141
-0.0013717421124828531
0.0
-0.0013717421124828531
0.0
0.0
-0.0013717421124828531
-0.0013717421124828531
-0.0013717421124828531
-0.0013717421124828531
-0.0013717421124828531
-0.0013717421124828531
-0.0013717421124828531
0.0
0.0
-0.0013717421124828531
-0.0013717421124828531
0.0013717421124828531
-0.0013717421124828531
-0.0013717421124828531
0.0
-0.0013717421124828531
0.0
0.0
-0.0010973936899862826
-0.0013717421124828531
0.0
-0.00011122233344455567
-0.0013717421124828531
0.0
-0.0013717421124828531
0.0
0.0
0.0013717421124828531
-0.0010973936899862826
0.0004572473708276177
-0.001122334455667789
-0.0009144947416552355
-0.0013717421124828531
0.0007436396750672743
-7.631660825510882e-05
0.0
-0.0013717421124828531
-0.0013717421124828531
0.0
0.0013717421124828531
-0.0013717421124828531
0.0
0.0
0.0
0.0
-0.0013717421124828531
-0.0013717421124828531
-0.0013717421124828531
-0.0006858710562414266
-0.0013717421124828531
0.0
0.0
-0.0013717421124828531
0.0
0.0
0.0
0.0
0.0
0.0
0.0
0.0
0.0
0.0
0.0
0.0
0.0
-0.00031655587211142766
-0.0013717421124828531
0.0
0.0
-0.0013717421124828531
-0.0013717421124828531
-0.0005359787062019096
9.460290430916229e-05
-0.0013717421124828531
0.0013717421124828531
-0.001122334455667789
0.0
0.0
-0.0013717421124828531
0.0
0.0
-0.0013717421124828531
0.0
0.0
0.00031655587211142766
0.0
0.0
-0.0007620789513793629
0.0
0.0
-0.0013717421124828531
0.0
0.0013717421124828531
0.0
0.0
0.0013717421124828531
-0.0013717421124828531
0.0
0.0013717421124828531
-0.0013717421124828531
0.0
0.0013717421124828531
-0.0009496676163342829
0.0
0.0
0.0
0.0
-0.0009144947416552355
-0.0013717421124828531
0.0
0.0013717421124828531
-0.0005275931201857128
-0.0013717421124828531
-0.0011431184270690445
-0.000509504213207917
0.0
0.0013717421124828531
-0.0013717421124828531
0.0
0.0
0.0
0.0
0.0
0.0
0.0
-0.0013717421124828531
-0.0012411000065321053
0.0
0.0013717421124828531
-0.0011307603900196494
0.0
-0.0013717421124828531
-0.00051440329218107
0.0
-0.0013717421124828531
-0.0013717421124828531
0.0
-0.00102880658436214
-0.0011646866992778943
-0.0009144947416552355
0.00022862368541380886
0.0005757929854866297
0.0
0.0
-0.0013717421124828531
0.0013717421124828531
0.000890429090559045
-0.0013717421124828531
0.0013717421124828531
-0.00015241579027587258
-0.0005852766346593507
-0.0011398983751618075
-0.0004944127975205029
-0.0010356004168842528
0.0
0.0
0.0
0.00014014116381555152
0.0
0.0
-0.00014014116381555152
0.0
0.0
0.00032606984640985855
0.0
0.0
-0.0003270233196159122
-0.0013717421124828531
0.0013717421124828531
-0.0005340649291266574
-0.0013717421124828531
-0.0013717421124828531
-0.00032606984640985855
0.0
0.0
0.0005340649291266574
0.0013717421124828531
0.0013717421124828531
0.0003270233196159122
-0.0013717421124828531
0.0013717421124828531
0.0
0.0
0.0
-0.0009729398943174123
-0.0013717421124828531
0.0
-0.0008845813622552979
0.0013717421124828531
0.0013717421124828531
0.0013717421124828531
0.0
0.0
-0.000624580451215597
0.0007522456745873711
0.001005944215820759
-0.0009210268469527728
-0.0012002743484224967
-0.0011583600060966317
-0.000399536537616365
0.0
0.0
-0.00029062332891585874
0.00043318171973142733
0.0002540263171264543
-0.0003731138545953361
-0.0005545340454717917
-0.0013717421124828531
0.0
0.0
0.0
0.0008845813622552979
-0.0013717421124828531
-0.0013717421124828531
0.0009729398943174123
0.0
0.0013717421124828531
0.000399536537616365
0.0
0.0
0.0003731138545953361
0.0013717421124828531
0.0005545340454717917
0.00029062332891585874
-0.0002540263171264543
-0.00043318171973142733
-0.0013717421124828531
0.0
0.0
0.0009210268469527728
0.0011583600060966317
0.0012002743484224967
0.000624580451215597
-0.001005944215820759
-0.0007522456745873711
0.00032606984640985855
0.0
0.0
-0.0013717421124828531
0.0
0.0
-0.00046587467971115766
0.0
0.0
0.0
0.0
0.0
6.532105297537396e-05
0.0
-0.0013717421124828531
0.0007753324983598735
-0.0013717421124828531
-0.0013717421124828531
0.0
0.0
0.0
-0.0013717421124828531
0.0
0.0
-0.0009907026367931718
-0.0013717421124828531
-0.0013717421124828531
0.0013717421124828531
0.0
0.0
0.00036310820624546115
0.0
0.0
0.00020576131687242798
0.0
0.0
0.0013717421124828531
0.0
0.0
-0.00043828833350061894
0.0008596250571559214
0.0007941664861742835
-0.0005044074135587173
-0.00048237085274122315
7.482229704451927e-05
0.0013717421124828531
0.0
0.0
-0.0004038631600203324
-0.0006572930955647006
0.0004572473708276177
-0.0004234508260273156
-0.0012098003353147387
-0.0013717421124828531
0.000399536537616365
0.0
0.0
-0.00027434842249657066
0.0
0.0
-0.00016845955767333284
0.0
0.0
0.0003900051104117916
0.0
0.0
0.00033646504645805836
0.0
0.0
0.0005572037728224923
0.00022862368541380886
-0.0008770154489644472
-0.0013717421124828531
0.0
0.0
-0.0001207823243695594
-0.0013717421124828531
-0.0013260173754000915
0.00015466962820971173
-0.0007897909132477034
-0.0012564696660557226
-0.00032606984640985855
0.0
0.0
0.00046587467971115766
0.0
0.0
0.0013717421124828531
0.0
0.0
0.0
0.0
0.0
0.0009907026367931718
0.0013717421124828531
0.0013717421124828531
0.0013717421124828531
0.0
0.0
0.0
0.0
0.0
-0.0007753324983598735
0.0013717421124828531
0.0013717421124828531
-6.532105297537396e-05
0.0013717421124828531
0.0
-0.000399536537616365
0.0
0.0
0.00016845955767333284
0.0
0.0
0.00027434842249657066
0.0
0.0
0.0013717421124828531
0.0
0.0
-0.00015466962820971173
0.0012564696660557226
0.0007897909132477034
0.0001207823243695594
0.0013260173754000915
0.0013717421124828531
-0.0003900051104117916
0.0
0.0
-0.0005572037728224923
0.0008770154489644472
-0.00022862368541380886
-0.00033646504645805836
0.0
0.0
-0.0013717421124828531
0.0
0.0
-0.00020576131687242798
0.0
0.0
-0.00036310820624546115
0.0
0.0
-0.0013717421124828531
0.0
0.0
0.0004234508260273156
0.0013717421124828531
0.0012098003353147387
0.0004038631600203324
-0.0004572473708276177
0.0006572930955647006
-0.0013717421124828531
0.0
0.0
0.0005044074135587173
-7.482229704451927e-05
0.00048237085274122315
0.00043828833350061894
-0.0007941664861742835
-0.0008596250571559214
0.00014014116381555152
0.0
0.0
-0.0007495085769236207
0.0
0.0
0.0
0.0
0.0
-0.0013717421124828531
0.0
0.0
-0.000766561768740418
0.0010829542993285683
0.0
-0.0011522633744855968
0.0
0.0
0.00046587467971115766
0.0
0.0
0.00022045855379188714
0.0
0.0013717421124828531
7.315957933241884e-05
0.0013717421124828531
0.0013717421124828531
-0.0009729398943174123
-0.0013717421124828531
0.0
-0.0013717421124828531
-0.0013717421124828531
-0.0013717421124828531
-0.00042207449614857024
-0.0013717421124828531
0.0013717421124828531
0.00036310820624546115
0.0
0.0
-0.0003132324508819114
0.00027434842249657066
0.0
-0.00010352770660247949
-0.0013717421124828531
-0.0013717421124828531
0.00016845955767333284
0.0
0.0
-0.0008230452674897119
-0.0013717421124828531
0.0
0.0004572473708276177
-0.0013717421124828531
-0.0013717421124828531
0.0008845813622552979
-0.0013717421124828531
-0.0013717421124828531
-0.0005878894767783657
-0.0013717421124828531
0.0
0.00042207449614857024
-0.0013717421124828531
0.0013717421124828531
-0.00027434842249657066
0.0
0.0
-0.001001001001001001
-0.0013717421124828531
-0.0010973936899862826
-0.0006604684245287812
-0.0013717421124828531
0.0013717421124828531
-0.00020576131687242798
0.0
0.0
-0.00023856384564919185
0.0
0.0
0.0002647221620580945
-0.0013717421124828531
0.0
-0.0003270233196159122
-0.0013717421124828531
0.0013717421124828531
-0.000766561768740418
0.0010829542993285683
0.0
-7.315957933241884e-05
-0.0013717421124828531
-0.0013717421124828531
6.532105297537396e-05
0.0
-0.0013717421124828531
0.0001003713740841112
0.0013717421124828531
0.0
-0.00020118884316415182
0.0
-0.0013717421124828531
0.0009907026367931718
0.0013717421124828531
0.0013717421124828531
0.0008407451657152971
0.0
0.0013717421124828531
0.0
0.0013717421124828531
-0.0013717421124828531
-0.000624580451215597
0.0007522456745873711
0.001005944215820759
-0.0003132324508819114
0.00027434842249657066
0.0
-0.0002647221620580945
0.0
0.0013717421124828531
-0.00043828833350061894
0.0008596250571559214
0.0007941664861742835
-4.8845416468232165e-05
0.00109298544501233
0.00047680875567585805
-0.0002228688558038503
0.0005045779674382398
3.5909479384367886e-05
-0.00015466962820971173
0.0012564696660557226
0.0007897909132477034
6.019191717592196e-05
0.0002616861876121135
-0.0002367888170357306
-0.00030927314499229973
9.617380124418527e-05
-0.000542667209333876
0.0003731138545953361
0.0013717421124828531
0.0005545340454717917
-0.001001001001001001
-0.0013717421124828531
-0.0010973936899862826
-0.0004572473708276177
0.0013717421124828531
0.0013717421124828531
0.00033646504645805836
0.0
0.0
0.0004060356652949245
-0.00014524328249818446
0.0001354267690667785
0.00037052804187755233
0.0001423505965784093
3.4050336125460894e-05
0.0004234508260273156
0.0013717421124828531
0.0012098003353147387
-0.00013971447441954985
-1.4439390657714245e-05
-0.0004892227114449337
0.00030927314499229973
0.000542667209333876
-9.617380124418527e-05
0.0005340649291266574
0.0013717421124828531
0.0013717421124828531
0.00022045855379188714
0.0
0.0013717421124828531
0.0011522633744855968
0.0
0.0
-0.0013717421124828531
0.0
0.0
0.0008407451657152971
0.0
0.0013717421124828531
0.0
0.0
0.0
-0.0007753324983598735
0.0013717421124828531
0.0013717421124828531
0.0004572473708276177
0.0
-0.0013717421124828531
0.00020118884316415182
0.0013717421124828531
0.0
-0.00029062332891585874
0.00043318171973142733
0.0002540263171264543
-0.0008230452674897119
-0.0013717421124828531
0.0
0.0006604684245287812
-0.0013717421124828531
0.0013717421124828531
-0.0004038631600203324
-0.0006572930955647006
0.0004572473708276177
6.019191717592196e-05
0.0002616861876121135
-0.0002367888170357306
-2.982048070614898e-05
-2.0172678124747842e-05
-0.0003491707195410899
-0.0005572037728224923
0.0008770154489644472
-0.00022862368541380886
-0.00019100206629508082
5.235656917873486e-06
-0.0006401463191586648
-0.00037052804187755233
-3.4050336125460894e-05
-0.0001423505965784093
0.0009210268469527728
0.0011583600060966317
0.0012002743484224967
-0.00023856384564919185
0.0
0.0
0.00010352770660247949
0.0013717421124828531
0.0013717421124828531
-0.0001207823243695594
-0.0013717421124828531
-0.0013260173754000915
-0.00013971447441954985
-1.4439390657714245e-05
-0.0004892227114449337
2.982048070614898e-05
0.0003491707195410899
2.0172678124747842e-05
0.0005044074135587173
-7.482229704451927e-05
0.00048237085274122315
0.0001133671167341201
-1.4141671262709826e-05
-0.0009570293808019906
0.0002228688558038503
-3.5909479384367886e-05
-0.0005045779674382398
-0.00014014116381555152
0.0
0.0
0.0
0.0
0.0
0.0007495085769236207
0.0
0.0
-0.00046587467971115766
0.0
0.0
-7.315957933241884e-05
-0.0013717421124828531
-0.0013717421124828531
-0.00022045855379188714
-0.0013717421124828531
0.0
0.0013717421124828531
0.0
0.0
0.0011522633744855968
0.0
0.0
0.000766561768740418
0.0
-0.0010829542993285683
-0.0008845813622552979
0.0013717421124828531
0.0013717421124828531
-0.00042207449614857024
-0.0013717421124828531
0.0013717421124828531
0.0005878894767783657
0.0
0.0013717421124828531
0.00020576131687242798
0.0
0.0
-0.0002647221620580945
0.0
0.0013717421124828531
0.00023856384564919185
0.0
0.0
0.00027434842249657066
0.0
0.0
0.0006604684245287812
-0.0013717421124828531
0.0013717421124828531
0.001001001001001001
0.0010973936899862826
0.0013717421124828531
0.0009729398943174123
0.0
0.0013717421124828531
0.00042207449614857024
-0.0013717421124828531
0.0013717421124828531
0.0013717421124828531
0.0013717421124828531
0.0013717421124828531
-0.00016845955767333284
0.0
0.0
-0.0004572473708276177
0.0013717421124828531
0.0013717421124828531
0.0008230452674897119
0.0
0.0013717421124828531
-0.00036310820624546115
0.0
0.0
0.00010352770660247949
0.0013717421124828531
0.0013717421124828531
0.0003132324508819114
0.0
-0.00027434842249657066
-0.0005340649291266574
-0.0013717421124828531
-0.0013717421124828531
-0.0011522633744855968
0.0
0.0
-0.00022045855379188714
-0.0013717421124828531
0.0
0.0007753324983598735
-0.0013717421124828531
-0.0013717421124828531
-0.00020118884316415182
0.0
-0.0013717421124828531
-0.0004572473708276177
0.0013717421124828531
0.0
0.0013717421124828531
0.0
0.0
0.0
0.0
0.0
-0.0008407451657152971
-0.0013717421124828531
0.0
-0.0009210268469527728
-0.0012002743484224967
-0.0011583600060966317
-0.00010352770660247949
-0.0013717421124828531
-0.0013717421124828531
0.00023856384564919185
0.0
0.0
-0.0005044074135587173
-0.00048237085274122315
7.482229704451927e-05
-0.0002228688558038503
0.0005045779674382398
3.5909479384367886e-05
-0.0001133671167341201
0.0009570293808019906
1.4141671262709826e-05
0.0001207823243695594
0.0013260173754000915
0.0013717421124828531
-2.982048070614898e-05
-2.0172678124747842e-05
-0.0003491707195410899
0.00013971447441954985
0.0004892227114449337
1.4439390657714245e-05
0.00029062332891585874
-0.0002540263171264543
-0.00043318171973142733
-0.0006604684245287812
-0.0013717421124828531
0.0013717421124828531
0.0008230452674897119
0.0
0.0013717421124828531
0.0005572037728224923
0.00022862368541380886
-0.0008770154489644472
0.00037052804187755233
0.0001423505965784093
3.4050336125460894e-05
0.00019100206629508082
0.0006401463191586648
-5.235656917873486e-06
0.0004038631600203324
-0.0004572473708276177
0.0006572930955647006
2.982048070614898e-05
0.0003491707195410899
2.0172678124747842e-05
-6.019191717592196e-05
0.0002367888170357306
-0.0002616861876121135
0.0003270233196159122
-0.0013717421124828531
0.0013717421124828531
7.315957933241884e-05
0.0013717421124828531
0.0013717421124828531
0.000766561768740418
0.0
-0.0010829542993285683
-0.0009907026367931718
-0.0013717421124828531
-0.0013717421124828531
0.0
0.0013717421124828531
-0.0013717421124828531
-0.0008407451657152971
-0.0013717421124828531
0.0
-6.532105297537396e-05
0.0013717421124828531
0.0
0.00020118884316415182
0.0013717421124828531
0.0
-0.0001003713740841112
0.0
-0.0013717421124828531
-0.0003731138545953361
-0.0005545340454717917
-0.0013717421124828531
0.0004572473708276177
-0.0013717421124828531
-0.0013717421124828531
0.001001001001001001
0.0010973936899862826
0.0013717421124828531
-0.0004234508260273156
-0.0012098003353147387
-0.0013717421124828531
-0.00030927314499229973
9.617380124418527e-05
-0.000542667209333876
0.00013971447441954985
0.0004892227114449337
1.4439390657714245e-05
-0.00033646504645805836
0.0
0.0
-0.00037052804187755233
-3.4050336125460894e-05
-0.0001423505965784093
-0.0004060356652949245
-0.0001354267690667785
0.00014524328249818446
0.000624580451215597
-0.001005944215820759
-0.0007522456745873711
0.0002647221620580945
-0.0013717421124828531
0.0
0.0003132324508819114
0.0
-0.00027434842249657066
0.00015466962820971173
-0.0007897909132477034
-0.0012564696660557226
0.00030927314499229973
0.000542667209333876
-9.617380124418527e-05
-6.019191717592196e-05
0.0002367888170357306
-0.0002616861876121135
0.00043828833350061894
-0.0007941664861742835
-0.0008596250571559214
0.0002228688558038503
-3.5909479384367886e-05
-0.0005045779674382398
4.8845416468232165e-05
-0.00047680875567585805
-0.00109298544501233
