0.13868048295951618
0.5553433054705548
0.7097529251172493
0.5165308774256134
0.43057294785863587
0.33102345041719705
0.3699329950813407
0.8526433477361599
0.48036721945518013
0.32514502263263123
0.8232297513903302
0.5532842106912497
0.6377113502341764
0.48916241862219256
0.7614856608288801
0.4633819513643985
0.9078415708667769
0.9694252270721619
0.508141737785848
0.8037642838543275
0.5936465194982505
0.4668035237629774
0.02728889479937613
0.19673958253726065
0.6296920907552175
0.1702904475742396
0.8189180756750951
0.18140036604664478
0.8150376384304979
0.14409111828373122
0.4060386294482221
0.8560370550933785
