-0.05922357544955827
0.011727004916617947
0.759962856026162
0.6458775593628088
-0.10883752441924288
0.357042739820911
0.27681209261640555
0.017523364485981307
0.016355140186915886
0.1406968405997017
0.16598675516023054
1.132111337540129
0.902876052681379
-1.308906821800953
-0.3413004537721198
-0.3934619697659484
1.4642383198943327
0.24171010604075216
0.8280566743490497
1.4638572151629725
1.4172862081897013
0.4503941193067653
1.658657319581856
1.5962046179856726
0.3649951687941483
1.2464745292073567
1.1109238247194562
1.5685191504140565
-0.6451808217267899
0.7166964388736414
1.4754229945786008
