0.1547205222823886
0.15492322293739866
0.1550141880579799
0.155124987736646
0.15514014488250166
0.15501818405975884
0.15523187258580068
0.15560335192338895
0.15581690814654997
0.1560216596725143
0.15607832570973681
0.1560961514822386
0.15592142555953642
0.15566403685234656
0.1554184344698174
0.1551464819780262
0.15503517446704948
0.1548686959319655
0.15498881771935266
0.15523312325587954
0.155442346530746
0.15564140068320373
0.15584733494829497
0.15614736017700834
0.1565376762894726
0.1571039009319329
0.1579341103292642
0.15883844899838476
0.1596256041352122
0.16026297999797695
0.1609384344348976
0.1575171346624703
0.1485961185791952
0.14680524506199832
0.15792785775624626
0.15124897398877749
0.14318893802679641
0.14585458277736182
0.13975070756935032
0.149427262513806
0.14105678612813652
0.13549248877309514
0.13307066104263585
0.13344838103711554
0.13279853216775145
0.13786201283203448
0.13629558172260656
0.14525820524624528
0.1498857027762225
0.14936021731564308
0.14959643197069897
0.15041358751915632
0.15392216994311567
0.15730913741538557
0.16355443481814388
0.172453304640736
0.17592355129045503
0.17330410833548662
0.16976940798344653
0.17193481337735986
0.18946192294229505
0.18919762046568042
0.18931773165318672
0.189660289930627
0.18993533784015024
0.19008386512272032
0.1904299173266338
0.19071235415280194
0.19090150860559998
0.1910524025655276
0.19078629113911502
0.1905301180727158
0.1903929420172193
0.1902529205813866
0.19004738003819255
0.1897153719325914
0.1892884613283244
0.1891577043604841
0.18888472485939728
0.18849932770406888
0.18827202764876114
0.1878862181495636
0.1875117593508777
0.1869988781013405
0.1863753588660749
0.18565130597599538
0.18494001437129828
0.18424936725827692
0.18360378765472596
0.18305938631668398
0.1823278163971538
0.193801168699791
0.2048062095586333
0.2028600911119556
0.19194124788610803
0.19898378139317843
0.2067260838542729
0.204105591076967
0.19859020711926328
0.20361330626561544
0.20477797559088903
0.2074893377181566
0.20670505791506685
0.20410573395939752
0.1993348662876273
0.19560625640132726
0.2040737090039117
0.19928093931289598
0.1946004488105201
0.1987012507251467
0.19305641420517441
0.19246147056222057
0.18726170404259299
0.18293349176049284
0.17864916396339386
0.1781691463715158
0.17764473055178065
0.17785342522844366
0.1796274089931795
0.1725421980463552
0.16982558767632722
0.16997432662325868
0.17000021941287743
0.16968148242168063
0.16914594934127744
0.1686097518979972
0.16834996432045263
0.16840995091843083
0.1684965604800262
0.16880895808108357
0.16928032895841955
0.16990282023158904
0.17025695296182347
0.170443538143364
0.1705356550392313
0.17080937939300875
0.1708715632609438
0.17087795809981918
0.17076610761421057
0.17071152704722403
0.170709850535128
0.17097060090596491
0.17121607105002623
0.17152093846774216
0.17178469776446237
0.17184369473010447
0.17183003396365853
0.17184920879137125
0.17191010092426298
0.1721119731099619
0.17233494692235643
0.16885457369511614
0.1706298303623329
0.17513942901619414
0.17967070224239542
0.18351161064076918
0.17362819861876236
0.1757801841460448
0.17862889046648603
0.17568813770537514
0.18075362496405584
0.1732859992548688
0.16864287238977677
0.16605762494171292
0.17208476106888587
0.16590019761574648
0.16437086864658024
0.1607686397906335
0.16278929484061755
0.16456305624721554
0.1729314203674137
0.17293418625343188
0.17522905399357908
0.17440594779509416
0.1685149715187299
0.1663753258341524
0.16754670928733056
0.16907717910424816
0.17383846047446813
0.175038039063199
0.15182824774505968
0.15149677123871721
0.15114225186864444
0.15127707459731152
0.15119402221200653
0.15102425243219195
0.15049686028949555
0.14981421689362318
0.14916977494043246
0.1487215117781087
0.14822014363536837
0.14778397480528063
0.14748500484868837
0.14707375457213032
0.14654729483947146
0.1463547827154425
0.14609896125418717
0.1456988736678064
0.1452057072615484
0.14474113992416154
0.14435602088062424
0.14399265329560906
0.1437251021829864
0.14328233337387788
0.14277927993801362
0.14230028155604646
0.141799806181859
0.14140816427138028
0.14097878421484666
0.14044518367109668
0.1401015822746442
0.14012587458853273
0.14198262919438215
0.14606362385296415
0.15820513884891624
0.14993205564935042
0.14779646038043706
0.14222938738763174
0.14319879083142514
0.14090886929388663
0.14606112573724045
0.15008113021313466
0.14628105392340798
0.1421738336942211
0.15187632223378222
0.14947157200268638
0.1444616815816116
0.1409305835092791
0.1409543333734904
0.1426718034934567
0.14264758528444624
0.1449183386071335
0.13884543050296677
0.13619091690927057
0.13605019898867182
0.1345884537338109
0.1370744258166256
0.1352655925171914
0.13168106593131257
0.13705469636632783
0.14340853587034738
0.1435765185767067
0.14350082570667158
0.14336909924350644
0.14318428744496153
0.14308947316841672
0.14276039925004458
0.14221186915793665
0.14192854570308483
0.14174793737565672
0.1417719674740572
0.14163419640209324
0.14164637508890845
0.14190273590592098
0.1423754080347211
0.1425844047727879
0.14315500511043802
0.1439194870762556
0.14451366896081652
0.14497122290270523
0.14540289969477832
0.14587754415747087
0.146203376270941
0.14655098338295255
0.1471240254641667
0.14785533764835257
0.14850192445966628
0.14902467183718052
0.14967519440970914
0.15029673226731743
0.1507684360195484
0.14322469310388106
0.13814347206285868
0.13466179582716772
0.13444427303092743
0.1485107146767373
0.15924983147518854
0.15297797323541973
0.1561141013677074
0.15494140980877255
0.16287097325003458
0.16630700124286457
0.17315450233847304
0.17959582623650938
0.17098078142750808
0.18197526483088605
0.18815280798515252
0.18337418903038682
0.17858651495009273
0.17774734070473466
0.17901215588692646
0.1742450991436207
0.17471544340403755
0.18174785397781684
0.18669948859727972
0.18482280779417462
0.18122286422514497
0.18523309831179796
0.18415900810349062
0.1792560549775429
0.19075518348358214
0.1908315401582384
0.19102478330064
0.1908870660702286
0.19140025827910245
0.19217447331891493
0.19273098622757284
0.1932482569538183
0.1936867021243066
0.19364753052710917
0.19386294308330318
0.19405273900608255
0.1942972995238239
0.19466301394485144
0.1950758275785664
0.19538957920814332
0.1955508345790572
0.1954772808636693
0.19564097358467467
0.1958436591659609
0.1958168547099624
0.1956315828081879
0.19549635619687375
0.19549950649707862
0.1953989616778099
0.19524547915756826
0.19499411069425351
0.19463013884340633
0.19420652866124302
0.1938237446369631
0.19352878395139955
0.19647655525020877
0.1958417402425977
0.19446981512972006
0.17781078023540642
0.1678128636511871
0.16941048764454267
0.17905228137657495
0.18371730264576783
0.1754210144125443
0.16447951432964353
0.16734404279788018
0.17214585239063948
0.17461860013104352
0.17292473681444528
0.16918469631731944
0.16264535106013736
0.1703874431105592
0.1731837052490567
0.1669563315138033
0.16275599228534027
0.16502731791443714
0.17002619811370784
0.16741265214194004
0.16653174211378088
0.16359096162561018
0.1605877188286632
0.15926659650283212
0.1609246485141026
0.16417419816921516
0.01224949373899064
0.01135074352821086
0.017041434193108686
0.015682065861472284
0.015682065861472284
0.017041434193108686
0.01135074352821086
0.01224949373899064
0.01135074352821086
0.01780251999313761
0.016544089811132884
0.017184789790447554
0.017184789790447554
0.016544089811132884
0.01780251999313761
0.01135074352821086
0.017041434193108686
0.016544089811132884
0.018634656059493826
0.015474864260096154
0.015474864260096154
0.018634656059493826
0.016544089811132884
0.017041434193108686
0.015682065861472284
0.017184789790447554
0.015474864260096154
0.01475735531944109
0.01475735531944109
0.015474864260096154
0.017184789790447554
0.015682065861472284
0.015682065861472284
0.017184789790447554
0.015474864260096154
0.01475735531944109
0.01475735531944109
0.015474864260096154
0.017184789790447554
0.015682065861472284
0.017041434193108686
0.016544089811132884
0.018634656059493826
0.015474864260096154
0.015474864260096154
0.018634656059493826
0.016544089811132884
0.017041434193108686
0.01135074352821086
0.01780251999313761
0.016544089811132884
0.017184789790447554
0.017184789790447554
0.016544089811132884
0.01780251999313761
0.01135074352821086
0.01224949373899064
0.01135074352821086
0.017041434193108686
0.015682065861472284
0.015682065861472284
0.017041434193108686
0.01135074352821086
0.01224949373899064
0.01225341255306515
0.011361334456136752
0.01704544976848866
0.015671615911873524
0.015671615911873524
0.01704544976848866
0.011361334456136752
0.01225341255306515
0.011361334456136752
0.017805290605114526
0.016532231904892787
0.01716490192778856
0.01716490192778856
0.016532231904892787
0.017805290605114526
0.011361334456136752
0.01704544976848866
0.016532231904892787
0.01864982812090969
0.015489352052558181
0.015489352052558181
0.01864982812090969
0.016532231904892787
0.01704544976848866
0.015671615911873524
0.01716490192778856
0.015489352052558181
0.014761696677433728
0.014761696677433728
0.015489352052558181
0.01716490192778856
0.015671615911873524
0.015671615911873524
0.01716490192778856
0.015489352052558181
0.014761696677433728
0.014761696677433728
0.015489352052558181
0.01716490192778856
0.015671615911873524
0.01704544976848866
0.016532231904892787
0.01864982812090969
0.015489352052558181
0.015489352052558181
0.01864982812090969
0.016532231904892787
0.01704544976848866
0.011361334456136752
0.017805290605114526
0.016532231904892787
0.01716490192778856
0.01716490192778856
0.016532231904892787
0.017805290605114526
0.011361334456136752
0.01225341255306515
0.011361334456136752
0.01704544976848866
0.015671615911873524
0.015671615911873524
0.01704544976848866
0.011361334456136752
0.01225341255306515
0.012299615655125863
0.011203827477242845
0.017090907573553592
0.015793172149231628
0.015793172149231628
0.017090907573553592
0.011203827477242845
0.012299615655125863
0.011203827477242845
0.017802407651327377
0.01652442333248649
0.017397584577090265
0.017397584577090265
0.01652442333248649
0.017802407651327377
0.011203827477242845
0.017090907573553592
0.01652442333248649
0.01837351231097356
0.015489218849013102
0.015489218849013102
0.01837351231097356
0.01652442333248649
0.017090907573553592
0.015793172149231628
0.017397584577090265
0.015489218849013102
0.014526196465337322
0.014526196465337322
0.015489218849013102
0.017397584577090265
0.015793172149231628
0.015793172149231628
0.017397584577090265
0.015489218849013102
0.014526196465337322
0.014526196465337322
0.015489218849013102
0.017397584577090265
0.015793172149231628
0.017090907573553592
0.01652442333248649
0.01837351231097356
0.015489218849013102
0.015489218849013102
0.01837351231097356
0.01652442333248649
0.017090907573553592
0.011203827477242845
0.017802407651327377
0.01652442333248649
0.017397584577090265
0.017397584577090265
0.01652442333248649
0.017802407651327377
0.011203827477242845
0.012299615655125863
0.011203827477242845
0.017090907573553592
0.015793172149231628
0.015793172149231628
0.017090907573553592
0.011203827477242845
0.012299615655125863
0.012340612390751278
0.010986569338884008
0.017192285524665233
0.015811666890651593
0.015811666890651593
0.017192285524665233
0.010986569338884008
0.012340612390751278
0.010986569338884008
0.017983424933656494
0.016617811117869797
0.017484676162418913
0.017484676162418913
0.016617811117869797
0.017983424933656494
0.010986569338884008
0.017192285524665233
0.016617811117869797
0.018403692556178807
0.015374172957472846
0.015374172957472846
0.018403692556178807
0.016617811117869797
0.017192285524665233
0.015811666890651593
0.017484676162418913
0.015374172957472846
0.014337906135488639
0.014337906135488639
0.015374172957472846
0.017484676162418913
0.015811666890651593
0.015811666890651593
0.017484676162418913
0.015374172957472846
0.014337906135488639
0.014337906135488639
0.015374172957472846
0.017484676162418913
0.015811666890651593
0.017192285524665233
0.016617811117869797
0.018403692556178807
0.015374172957472846
0.015374172957472846
0.018403692556178807
0.016617811117869797
0.017192285524665233
0.010986569338884008
0.017983424933656494
0.016617811117869797
0.017484676162418913
0.017484676162418913
0.016617811117869797
0.017983424933656494
0.010986569338884008
0.012340612390751278
0.010986569338884008
0.017192285524665233
0.015811666890651593
0.015811666890651593
0.017192285524665233
0.010986569338884008
0.012340612390751278
0.012302531386126097
0.010805863562913225
0.017342503019507276
0.01570083313072364
0.01570083313072364
0.017342503019507276
0.010805863562913225
0.012302531386126097
0.010805863562913225
0.01794981718396779
0.01664755606254712
0.017526183928341692
0.017526183928341692
0.01664755606254712
0.01794981718396779
0.010805863562913225
0.017342503019507276
0.01664755606254712
0.018539668449420944
0.015440844656284895
0.015440844656284895
0.018539668449420944
0.01664755606254712
0.017342503019507276
0.01570083313072364
0.017526183928341692
0.015440844656284895
0.014280414259849493
0.014280414259849493
0.015440844656284895
0.017526183928341692
0.01570083313072364
0.01570083313072364
0.017526183928341692
0.015440844656284895
0.014280414259849493
0.014280414259849493
0.015440844656284895
0.017526183928341692
0.01570083313072364
0.017342503019507276
0.01664755606254712
0.018539668449420944
0.015440844656284895
0.015440844656284895
0.018539668449420944
0.01664755606254712
0.017342503019507276
0.010805863562913225
0.01794981718396779
0.01664755606254712
0.017526183928341692
0.017526183928341692
0.01664755606254712
0.01794981718396779
0.010805863562913225
0.012302531386126097
0.010805863562913225
0.017342503019507276
0.01570083313072364
0.01570083313072364
0.017342503019507276
0.010805863562913225
0.012302531386126097
0.012258345667248495
0.010717283151584524
0.01734092892292687
0.015669900405122544
0.015669900405122544
0.01734092892292687
0.010717283151584524
0.012258345667248495
0.010717283151584524
0.017879457444298495
0.016731503845048887
0.01755998120280362
0.01755998120280362
0.016731503845048887
0.017879457444298495
0.010717283151584524
0.01734092892292687
0.016731503845048887
0.018647567932783663
0.015498906897370202
0.015498906897370202
0.018647567932783663
0.016731503845048887
0.01734092892292687
0.015669900405122544
0.01755998120280362
0.015498906897370202
0.014177620105956067
0.014177620105956067
0.015498906897370202
0.01755998120280362
0.015669900405122544
0.015669900405122544
0.01755998120280362
0.015498906897370202
0.014177620105956067
0.014177620105956067
0.015498906897370202
0.01755998120280362
0.015669900405122544
0.01734092892292687
0.016731503845048887
0.018647567932783663
0.015498906897370202
0.015498906897370202
0.018647567932783663
0.016731503845048887
0.01734092892292687
0.010717283151584524
0.017879457444298495
0.016731503845048887
0.01755998120280362
0.01755998120280362
0.016731503845048887
0.017879457444298495
0.010717283151584524
0.012258345667248495
0.010717283151584524
0.01734092892292687
0.015669900405122544
0.015669900405122544
0.01734092892292687
0.010717283151584524
0.012258345667248495
0.012231858220114515
0.01062816604405264
0.017287029044956652
0.01563538224028712
0.01563538224028712
0.017287029044956652
0.01062816604405264
0.012231858220114515
0.01062816604405264
0.01788750146296881
0.01684671587316837
0.017523866795402073
0.017523866795402073
0.01684671587316837
0.01788750146296881
0.01062816604405264
0.017287029044956652
0.01684671587316837
0.018760059114351576
0.015609821903676355
0.015609821903676355
0.018760059114351576
0.01684671587316837
0.017287029044956652
0.01563538224028712
0.017523866795402073
0.015609821903676355
0.014058617399478687
0.014058617399478687
0.015609821903676355
0.017523866795402073
0.01563538224028712
0.01563538224028712
0.017523866795402073
0.015609821903676355
0.014058617399478687
0.014058617399478687
0.015609821903676355
0.017523866795402073
0.01563538224028712
0.017287029044956652
0.01684671587316837
0.018760059114351576
0.015609821903676355
0.015609821903676355
0.018760059114351576
0.01684671587316837
0.017287029044956652
0.01062816604405264
0.01788750146296881
0.01684671587316837
0.017523866795402073
0.017523866795402073
0.01684671587316837
0.01788750146296881
0.01062816604405264
0.012231858220114515
0.01062816604405264
0.017287029044956652
0.01563538224028712
0.01563538224028712
0.017287029044956652
0.01062816604405264
0.012231858220114515
0.012196437704774677
0.010570462983632296
0.017204971844301264
0.015661223631788956
0.015661223631788956
0.017204971844301264
0.010570462983632296
0.012196437704774677
0.010570462983632296
0.017943040729547968
0.016890295692730848
0.017502653240910677
0.017502653240910677
0.016890295692730848
0.017943040729547968
0.010570462983632296
0.017204971844301264
0.016890295692730848
0.01891412613510057
0.015641959068272943
0.015641959068272943
0.01891412613510057
0.016890295692730848
0.017204971844301264
0.015661223631788956
0.017502653240910677
0.015641959068272943
0.014003262507302817
0.014003262507302817
0.015641959068272943
0.017502653240910677
0.015661223631788956
0.015661223631788956
0.017502653240910677
0.015641959068272943
0.014003262507302817
0.014003262507302817
0.015641959068272943
0.017502653240910677
0.015661223631788956
0.017204971844301264
0.016890295692730848
0.01891412613510057
0.015641959068272943
0.015641959068272943
0.01891412613510057
0.016890295692730848
0.017204971844301264
0.010570462983632296
0.017943040729547968
0.016890295692730848
0.017502653240910677
0.017502653240910677
0.016890295692730848
0.017943040729547968
0.010570462983632296
0.012196437704774677
0.010570462983632296
0.017204971844301264
0.015661223631788956
0.015661223631788956
0.017204971844301264
0.010570462983632296
0.012196437704774677
0.012140802174728486
0.010564867483439072
0.017159906011449236
0.015632297524577995
0.015632297524577995
0.017159906011449236
0.010564867483439072
0.012140802174728486
0.010564867483439072
0.018000354376828846
0.01694983833325403
0.01739855359265898
0.01739855359265898
0.01694983833325403
0.018000354376828846
0.010564867483439072
0.017159906011449236
0.01694983833325403
0.019030533740460116
0.01571022468136181
0.01571022468136181
0.019030533740460116
0.01694983833325403
0.017159906011449236
0.015632297524577995
0.01739855359265898
0.01571022468136181
0.013996934454500303
0.013996934454500303
0.01571022468136181
0.01739855359265898
0.015632297524577995
0.015632297524577995
0.01739855359265898
0.01571022468136181
0.013996934454500303
0.013996934454500303
0.01571022468136181
0.01739855359265898
0.015632297524577995
0.017159906011449236
0.01694983833325403
0.019030533740460116
0.01571022468136181
0.01571022468136181
0.019030533740460116
0.01694983833325403
0.017159906011449236
0.010564867483439072
0.018000354376828846
0.01694983833325403
0.01739855359265898
0.01739855359265898
0.01694983833325403
0.018000354376828846
0.010564867483439072
0.012140802174728486
0.010564867483439072
0.017159906011449236
0.015632297524577995
0.015632297524577995
0.017159906011449236
0.010564867483439072
0.012140802174728486
0.012046679814565881
0.01053329057827893
0.01714106194698661
0.015619291721029658
0.015619291721029658
0.01714106194698661
0.01053329057827893
0.012046679814565881
0.01053329057827893
0.018050788853458424
0.016972313481872094
0.017337326583771722
0.017337326583771722
0.016972313481872094
0.018050788853458424
0.01053329057827893
0.01714106194698661
0.016972313481872094
0.019098436776817322
0.015792446538965457
0.015792446538965457
0.019098436776817322
0.016972313481872094
0.01714106194698661
0.015619291721029658
0.017337326583771722
0.015792446538965457
0.014012632853349432
0.014012632853349432
0.015792446538965457
0.017337326583771722
0.015619291721029658
0.015619291721029658
0.017337326583771722
0.015792446538965457
0.014012632853349432
0.014012632853349432
0.015792446538965457
0.017337326583771722
0.015619291721029658
0.01714106194698661
0.016972313481872094
0.019098436776817322
0.015792446538965457
0.015792446538965457
0.019098436776817322
0.016972313481872094
0.01714106194698661
0.01053329057827893
0.018050788853458424
0.016972313481872094
0.017337326583771722
0.017337326583771722
0.016972313481872094
0.018050788853458424
0.01053329057827893
0.012046679814565881
0.01053329057827893
0.01714106194698661
0.015619291721029658
0.015619291721029658
0.01714106194698661
0.01053329057827893
0.012046679814565881
0.011985340115257035
0.010475629531707022
0.017136466056766383
0.015579205016055146
0.015579205016055146
0.017136466056766383
0.010475629531707022
0.011985340115257035
0.010475629531707022
0.018080235299742734
0.016998226245931766
0.01730119690036054
0.01730119690036054
0.016998226245931766
0.018080235299742734
0.010475629531707022
0.017136466056766383
0.016998226245931766
0.019127315499270117
0.015883784667014764
0.015883784667014764
0.019127315499270117
0.016998226245931766
0.017136466056766383
0.015579205016055146
0.01730119690036054
0.015883784667014764
0.014058092250058886
0.014058092250058886
0.015883784667014764
0.01730119690036054
0.015579205016055146
0.015579205016055146
0.01730119690036054
0.015883784667014764
0.014058092250058886
0.014058092250058886
0.015883784667014764
0.01730119690036054
0.015579205016055146
0.017136466056766383
0.016998226245931766
0.019127315499270117
0.015883784667014764
0.015883784667014764
0.019127315499270117
0.016998226245931766
0.017136466056766383
0.010475629531707022
0.018080235299742734
0.016998226245931766
0.01730119690036054
0.01730119690036054
0.016998226245931766
0.018080235299742734
0.010475629531707022
0.011985340115257035
0.010475629531707022
0.017136466056766383
0.015579205016055146
0.015579205016055146
0.017136466056766383
0.010475629531707022
0.011985340115257035
0.01198098717322297
0.010443215891413159
0.01714163016452297
0.015505915167530875
0.015505915167530875
0.01714163016452297
0.010443215891413159
0.01198098717322297
0.010443215891413159
0.018151169185374894
0.01701401805491645
0.01726180766745257
0.01726180766745257
0.01701401805491645
0.018151169185374894
0.010443215891413159
0.01714163016452297
0.01701401805491645
0.019158933640632213
0.015924192808172446
0.015924192808172446
0.019158933640632213
0.01701401805491645
0.01714163016452297
0.015505915167530875
0.01726180766745257
0.015924192808172446
0.014127350492752995
0.014127350492752995
0.015924192808172446
0.01726180766745257
0.015505915167530875
0.015505915167530875
0.01726180766745257
0.015924192808172446
0.014127350492752995
0.014127350492752995
0.015924192808172446
0.01726180766745257
0.015505915167530875
0.01714163016452297
0.01701401805491645
0.019158933640632213
0.015924192808172446
0.015924192808172446
0.019158933640632213
0.01701401805491645
0.01714163016452297
0.010443215891413159
0.018151169185374894
0.01701401805491645
0.01726180766745257
0.01726180766745257
0.01701401805491645
0.018151169185374894
0.010443215891413159
0.01198098717322297
0.010443215891413159
0.01714163016452297
0.015505915167530875
0.015505915167530875
0.01714163016452297
0.010443215891413159
0.01198098717322297
0.011946937405557044
0.010426237878896212
0.017183475256635036
0.015472179767073112
0.015472179767073112
0.017183475256635036
0.010426237878896212
0.011946937405557044
0.010426237878896212
0.018182261589455052
0.017031786479516132
0.017220802004179983
0.017220802004179983
0.017031786479516132
0.018182261589455052
0.010426237878896212
0.017183475256635036
0.017031786479516132
0.019179898536553604
0.01591773516770476
0.01591773516770476
0.019179898536553604
0.017031786479516132
0.017183475256635036
0.015472179767073112
0.017220802004179983
0.01591773516770476
0.014186469360423844
0.014186469360423844
0.01591773516770476
0.017220802004179983
0.015472179767073112
0.015472179767073112
0.017220802004179983
0.01591773516770476
0.014186469360423844
0.014186469360423844
0.01591773516770476
0.017220802004179983
0.015472179767073112
0.017183475256635036
0.017031786479516132
0.019179898536553604
0.01591773516770476
0.01591773516770476
0.019179898536553604
0.017031786479516132
0.017183475256635036
0.010426237878896212
0.018182261589455052
0.017031786479516132
0.017220802004179983
0.017220802004179983
0.017031786479516132
0.018182261589455052
0.010426237878896212
0.011946937405557044
0.010426237878896212
0.017183475256635036
0.015472179767073112
0.015472179767073112
0.017183475256635036
0.010426237878896212
0.011946937405557044
0.011959452708053608
0.010399449290255427
0.017214286816410896
0.015452287860716432
0.015452287860716432
0.017214286816410896
0.010399449290255427
0.011959452708053608
0.010399449290255427
0.01818311194139139
0.017024267405213876
0.01718843751736106
0.01718843751736106
0.017024267405213876
0.01818311194139139
0.010399449290255427
0.017214286816410896
0.017024267405213876
0.019175888940546375
0.015943501974522215
0.015943501974522215
0.019175888940546375
0.017024267405213876
0.017214286816410896
0.015452287860716432
0.01718843751736106
0.015943501974522215
0.014237084681048834
0.014237084681048834
0.015943501974522215
0.01718843751736106
0.015452287860716432
0.015452287860716432
0.01718843751736106
0.015943501974522215
0.014237084681048834
0.014237084681048834
0.015943501974522215
0.01718843751736106
0.015452287860716432
0.017214286816410896
0.017024267405213876
0.019175888940546375
0.015943501974522215
0.015943501974522215
0.019175888940546375
0.017024267405213876
0.017214286816410896
0.010399449290255427
0.01818311194139139
0.017024267405213876
0.01718843751736106
0.01718843751736106
0.017024267405213876
0.01818311194139139
0.010399449290255427
0.011959452708053608
0.010399449290255427
0.017214286816410896
0.015452287860716432
0.015452287860716432
0.017214286816410896
0.010399449290255427
0.011959452708053608
0.011958656576598286
0.010424667028405695
0.017222215616426968
0.01545108330596711
0.01545108330596711
0.017222215616426968
0.010424667028405695
0.011958656576598286
0.010424667028405695
0.01821838735288532
0.017009084690791956
0.01712459138620925
0.01712459138620925
0.017009084690791956
0.01821838735288532
0.010424667028405695
0.017222215616426968
0.017009084690791956
0.019171615747918522
0.015958431864546253
0.015958431864546253
0.019171615747918522
0.017009084690791956
0.017222215616426968
0.01545108330596711
0.01712459138620925
0.015958431864546253
0.01427119253790342
0.01427119253790342
0.015958431864546253
0.01712459138620925
0.01545108330596711
0.01545108330596711
0.01712459138620925
0.015958431864546253
0.01427119253790342
0.01427119253790342
0.015958431864546253
0.01712459138620925
0.01545108330596711
0.017222215616426968
0.017009084690791956
0.019171615747918522
0.015958431864546253
0.015958431864546253
0.019171615747918522
0.017009084690791956
0.017222215616426968
0.010424667028405695
0.01821838735288532
0.017009084690791956
0.01712459138620925
0.01712459138620925
0.017009084690791956
0.01821838735288532
0.010424667028405695
0.011958656576598286
0.010424667028405695
0.017222215616426968
0.01545108330596711
0.01545108330596711
0.017222215616426968
0.010424667028405695
0.011958656576598286
0.011941046914109485
0.010470947667929923
0.017199074071125857
0.015457756095724062
0.015457756095724062
0.017199074071125857
0.010470947667929923
0.011941046914109485
0.010470947667929923
0.018249624480502262
0.01695936101078747
0.017102498895030946
0.017102498895030946
0.01695936101078747
0.018249624480502262
0.010470947667929923
0.017199074071125857
0.01695936101078747
0.019182078545143793
0.015953828753449393
0.015953828753449393
0.019182078545143793
0.01695936101078747
0.017199074071125857
0.015457756095724062
0.017102498895030946
0.015953828753449393
0.014340317072149184
0.014340317072149184
0.015953828753449393
0.017102498895030946
0.015457756095724062
0.015457756095724062
0.017102498895030946
0.015953828753449393
0.014340317072149184
0.014340317072149184
0.015953828753449393
0.017102498895030946
0.015457756095724062
0.017199074071125857
0.01695936101078747
0.019182078545143793
0.015953828753449393
0.015953828753449393
0.019182078545143793
0.01695936101078747
0.017199074071125857
0.010470947667929923
0.018249624480502262
0.01695936101078747
0.017102498895030946
0.017102498895030946
0.01695936101078747
0.018249624480502262
0.010470947667929923
0.011941046914109485
0.010470947667929923
0.017199074071125857
0.015457756095724062
0.015457756095724062
0.017199074071125857
0.010470947667929923
0.011941046914109485
0.011935525883371724
0.01049923360638661
0.017218379356368687
0.015461623052453872
0.015461623052453872
0.017218379356368687
0.01049923360638661
0.011935525883371724
0.01049923360638661
0.018251583411144186
0.01690635775149718
0.017104901757031315
0.017104901757031315
0.01690635775149718
0.018251583411144186
0.01049923360638661
0.017218379356368687
0.01690635775149718
0.019167303566677396
0.015936032646157332
0.015936032646157332
0.019167303566677396
0.01690635775149718
0.017218379356368687
0.015461623052453872
0.017104901757031315
0.015936032646157332
0.014392530799016716
0.014392530799016716
0.015936032646157332
0.017104901757031315
0.015461623052453872
0.015461623052453872
0.017104901757031315
0.015936032646157332
0.014392530799016716
0.014392530799016716
0.015936032646157332
0.017104901757031315
0.015461623052453872
0.017218379356368687
0.01690635775149718
0.019167303566677396
0.015936032646157332
0.015936032646157332
0.019167303566677396
0.01690635775149718
0.017218379356368687
0.01049923360638661
0.018251583411144186
0.01690635775149718
0.017104901757031315
0.017104901757031315
0.01690635775149718
0.018251583411144186
0.01049923360638661
0.011935525883371724
0.01049923360638661
0.017218379356368687
0.015461623052453872
0.015461623052453872
0.017218379356368687
0.01049923360638661
0.011935525883371724
0.011910499353831313
0.010560215388760404
0.01724867608169442
0.015471467610322942
0.015471467610322942
0.01724867608169442
0.010560215388760404
0.011910499353831313
0.010560215388760404
0.018219410909515017
0.016830528743263254
0.01710669617729648
0.01710669617729648
0.016830528743263254
0.018219410909515017
0.010560215388760404
0.01724867608169442
0.016830528743263254
0.019135136869336714
0.0159202170531171
0.0159202170531171
0.019135136869336714
0.016830528743263254
0.01724867608169442
0.015471467610322942
0.01710669617729648
0.0159202170531171
0.014459350758407706
0.014459350758407706
0.0159202170531171
0.01710669617729648
0.015471467610322942
0.015471467610322942
0.01710669617729648
0.0159202170531171
0.014459350758407706
0.014459350758407706
0.0159202170531171
0.01710669617729648
0.015471467610322942
0.01724867608169442
0.016830528743263254
0.019135136869336714
0.0159202170531171
0.0159202170531171
0.019135136869336714
0.016830528743263254
0.01724867608169442
0.010560215388760404
0.018219410909515017
0.016830528743263254
0.01710669617729648
0.01710669617729648
0.016830528743263254
0.018219410909515017
0.010560215388760404
0.011910499353831313
0.010560215388760404
0.01724867608169442
0.015471467610322942
0.015471467610322942
0.01724867608169442
0.010560215388760404
0.011910499353831313
0.011907312675168803
0.010665337256067858
0.0172633735813126
0.015460218618320786
0.015460218618320786
0.0172633735813126
0.010665337256067858
0.011907312675168803
0.010665337256067858
0.01820135463356923
0.01673872802567366
0.017085189023621394
0.017085189023621394
0.01673872802567366
0.01820135463356923
0.010665337256067858
0.0172633735813126
0.01673872802567366
0.019112376166664283
0.0158956793344548
0.0158956793344548
0.019112376166664283
0.01673872802567366
0.0172633735813126
0.015460218618320786
0.017085189023621394
0.0158956793344548
0.014561904845695492
0.014561904845695492
0.0158956793344548
0.017085189023621394
0.015460218618320786
0.015460218618320786
0.017085189023621394
0.0158956793344548
0.014561904845695492
0.014561904845695492
0.0158956793344548
0.017085189023621394
0.015460218618320786
0.0172633735813126
0.01673872802567366
0.019112376166664283
0.0158956793344548
0.0158956793344548
0.019112376166664283
0.01673872802567366
0.0172633735813126
0.010665337256067858
0.01820135463356923
0.01673872802567366
0.017085189023621394
0.017085189023621394
0.01673872802567366
0.01820135463356923
0.010665337256067858
0.011907312675168803
0.010665337256067858
0.0172633735813126
0.015460218618320786
0.015460218618320786
0.0172633735813126
0.010665337256067858
0.011907312675168803
0.01191404109951924
0.01076345430916833
0.01728596738047702
0.01546786697805524
0.01546786697805524
0.01728596738047702
0.01076345430916833
0.01191404109951924
0.01076345430916833
0.018200984806921172
0.016644376833777945
0.017076534015119365
0.017076534015119365
0.016644376833777945
0.018200984806921172
0.01076345430916833
0.01728596738047702
0.016644376833777945
0.019068280371398637
0.01585054241462146
0.01585054241462146
0.019068280371398637
0.016644376833777945
0.01728596738047702
0.01546786697805524
0.017076534015119365
0.01585054241462146
0.014639209859722242
0.014639209859722242
0.01585054241462146
0.017076534015119365
0.01546786697805524
0.01546786697805524
0.017076534015119365
0.01585054241462146
0.014639209859722242
0.014639209859722242
0.01585054241462146
0.017076534015119365
0.01546786697805524
0.01728596738047702
0.016644376833777945
0.019068280371398637
0.01585054241462146
0.01585054241462146
0.019068280371398637
0.016644376833777945
0.01728596738047702
0.01076345430916833
0.018200984806921172
0.016644376833777945
0.017076534015119365
0.017076534015119365
0.016644376833777945
0.018200984806921172
0.01076345430916833
0.01191404109951924
0.01076345430916833
0.01728596738047702
0.01546786697805524
0.01546786697805524
0.01728596738047702
0.01076345430916833
0.01191404109951924
0.011919148639786712
0.010879647481824751
0.017284774226983365
0.015488244334963645
0.015488244334963645
0.017284774226983365
0.010879647481824751
0.011919148639786712
0.010879647481824751
0.01816744482862481
0.01657008737372035
0.017082234722006838
0.017082234722006838
0.01657008737372035
0.01816744482862481
0.010879647481824751
0.017284774226983365
0.01657008737372035
0.01904070699455605
0.015792293175618775
0.015792293175618775
0.01904070699455605
0.01657008737372035
0.017284774226983365
0.015488244334963645
0.017082234722006838
0.015792293175618775
0.014678136906796995
0.014678136906796995
0.015792293175618775
0.017082234722006838
0.015488244334963645
0.015488244334963645
0.017082234722006838
0.015792293175618775
0.014678136906796995
0.014678136906796995
0.015792293175618775
0.017082234722006838
0.015488244334963645
0.017284774226983365
0.01657008737372035
0.01904070699455605
0.015792293175618775
0.015792293175618775
0.01904070699455605
0.01657008737372035
0.017284774226983365
0.010879647481824751
0.01816744482862481
0.01657008737372035
0.017082234722006838
0.017082234722006838
0.01657008737372035
0.01816744482862481
0.010879647481824751
0.011919148639786712
0.010879647481824751
0.017284774226983365
0.015488244334963645
0.015488244334963645
0.017284774226983365
0.010879647481824751
0.011919148639786712
0.011918944225151041
0.011009956263230853
0.017298121218271695
0.015497146251720585
0.015497146251720585
0.017298121218271695
0.011009956263230853
0.011918944225151041
0.011009956263230853
0.018119330138822935
0.016494315247346878
0.017064192736609394
0.017064192736609394
0.016494315247346878
0.018119330138822935
0.011009956263230853
0.017298121218271695
0.016494315247346878
0.019032548463485156
0.015738836262329043
0.015738836262329043
0.019032548463485156
0.016494315247346878
0.017298121218271695
0.015497146251720585
0.017064192736609394
0.015738836262329043
0.014724041213523987
0.014724041213523987
0.015738836262329043
0.017064192736609394
0.015497146251720585
0.015497146251720585
0.017064192736609394
0.015738836262329043
0.014724041213523987
0.014724041213523987
0.015738836262329043
0.017064192736609394
0.015497146251720585
0.017298121218271695
0.016494315247346878
0.019032548463485156
0.015738836262329043
0.015738836262329043
0.019032548463485156
0.016494315247346878
0.017298121218271695
0.011009956263230853
0.018119330138822935
0.016494315247346878
0.017064192736609394
0.017064192736609394
0.016494315247346878
0.018119330138822935
0.011009956263230853
0.011918944225151041
0.011009956263230853
0.017298121218271695
0.015497146251720585
0.015497146251720585
0.017298121218271695
0.011009956263230853
0.011918944225151041
0.011925369000870245
0.01115100032402372
0.017309738006398376
0.015518000848725795
0.015518000848725795
0.017309738006398376
0.01115100032402372
0.011925369000870245
0.01115100032402372
0.018089835689174806
0.01640325840692769
0.017021393740630577
0.017021393740630577
0.01640325840692769
0.018089835689174806
0.01115100032402372
0.017309738006398376
0.01640325840692769
0.019010204491259706
0.01570204887184918
0.01570204887184918
0.019010204491259706
0.01640325840692769
0.017309738006398376
0.015518000848725795
0.017021393740630577
0.01570204887184918
0.014763710421584576
0.014763710421584576
0.01570204887184918
0.017021393740630577
0.015518000848725795
0.015518000848725795
0.017021393740630577
0.01570204887184918
0.014763710421584576
0.014763710421584576
0.01570204887184918
0.017021393740630577
0.015518000848725795
0.017309738006398376
0.01640325840692769
0.019010204491259706
0.01570204887184918
0.01570204887184918
0.019010204491259706
0.01640325840692769
0.017309738006398376
0.01115100032402372
0.018089835689174806
0.01640325840692769
0.017021393740630577
0.017021393740630577
0.01640325840692769
0.018089835689174806
0.01115100032402372
0.011925369000870245
0.01115100032402372
0.017309738006398376
0.015518000848725795
0.015518000848725795
0.017309738006398376
0.01115100032402372
0.011925369000870245
0.011949722792035848
0.011282053856261954
0.017307225980341324
0.015527702934353028
0.015527702934353028
0.017307225980341324
0.011282053856261954
0.011949722792035848
0.011282053856261954
0.018055236473114956
0.016324080014892748
0.016964599102452245
0.016964599102452245
0.016324080014892748
0.018055236473114956
0.011282053856261954
0.017307225980341324
0.016324080014892748
0.019006927139051034
0.015679380203285923
0.015679380203285923
0.019006927139051034
0.016324080014892748
0.017307225980341324
0.015527702934353028
0.016964599102452245
0.015679380203285923
0.014818029412623722
0.014818029412623722
0.015679380203285923
0.016964599102452245
0.015527702934353028
0.015527702934353028
0.016964599102452245
0.015679380203285923
0.014818029412623722
0.014818029412623722
0.015679380203285923
0.016964599102452245
0.015527702934353028
0.017307225980341324
0.016324080014892748
0.019006927139051034
0.015679380203285923
0.015679380203285923
0.019006927139051034
0.016324080014892748
0.017307225980341324
0.011282053856261954
0.018055236473114956
0.016324080014892748
0.016964599102452245
0.016964599102452245
0.016324080014892748
0.018055236473114956
0.011282053856261954
0.011949722792035848
0.011282053856261954
0.017307225980341324
0.015527702934353028
0.015527702934353028
0.017307225980341324
0.011282053856261954
0.011949722792035848
0.01199505412377244
0.011406854212728017
0.01731299917556405
0.015546070401343953
0.015546070401343953
0.01731299917556405
0.011406854212728017
0.01199505412377244
0.011406854212728017
0.018002771686477567
0.016248805833993397
0.01688631737194712
0.01688631737194712
0.016248805833993397
0.018002771686477567
0.011406854212728017
0.01731299917556405
0.016248805833993397
0.018987791299348817
0.01566766464174153
0.01566766464174153
0.018987791299348817
0.016248805833993397
0.01731299917556405
0.015546070401343953
0.01688631737194712
0.01566766464174153
0.014876959615765104
0.014876959615765104
0.01566766464174153
0.01688631737194712
0.015546070401343953
0.015546070401343953
0.01688631737194712
0.01566766464174153
0.014876959615765104
0.014876959615765104
0.01566766464174153
0.01688631737194712
0.015546070401343953
0.01731299917556405
0.016248805833993397
0.018987791299348817
0.01566766464174153
0.01566766464174153
0.018987791299348817
0.016248805833993397
0.01731299917556405
0.011406854212728017
0.018002771686477567
0.016248805833993397
0.01688631737194712
0.01688631737194712
0.016248805833993397
0.018002771686477567
0.011406854212728017
0.01199505412377244
0.011406854212728017
0.01731299917556405
0.015546070401343953
0.015546070401343953
0.01731299917556405
0.011406854212728017
0.01199505412377244
0.01205736886940786
0.011527597031588614
0.01729839086191243
0.015554473686146169
0.015554473686146169
0.01729839086191243
0.011527597031588614
0.01205736886940786
0.011527597031588614
0.01794780452586105
0.016191981373201127
0.016828699092531065
0.016828699092531065
0.016191981373201127
0.01794780452586105
0.011527597031588614
0.01729839086191243
0.016191981373201127
0.018955733738965433
0.015654585116381594
0.015654585116381594
0.018955733738965433
0.016191981373201127
0.01729839086191243
0.015554473686146169
0.016828699092531065
0.015654585116381594
0.014927638542243656
0.014927638542243656
0.015654585116381594
0.016828699092531065
0.015554473686146169
0.015554473686146169
0.016828699092531065
0.015654585116381594
0.014927638542243656
0.014927638542243656
0.015654585116381594
0.016828699092531065
0.015554473686146169
0.01729839086191243
0.016191981373201127
0.018955733738965433
0.015654585116381594
0.015654585116381594
0.018955733738965433
0.016191981373201127
0.01729839086191243
0.011527597031588614
0.01794780452586105
0.016191981373201127
0.016828699092531065
0.016828699092531065
0.016191981373201127
0.01794780452586105
0.011527597031588614
0.01205736886940786
0.011527597031588614
0.01729839086191243
0.015554473686146169
0.015554473686146169
0.01729839086191243
0.011527597031588614
0.01205736886940786
0.012136038073444601
0.01162968510319575
0.017276178140584113
0.015569010802648707
0.015569010802648707
0.017276178140584113
0.01162968510319575
0.012136038073444601
0.01162968510319575
0.017887888559629517
0.016154592757072577
0.016783880180438013
0.016783880180438013
0.016154592757072577
0.017887888559629517
0.01162968510319575
0.017276178140584113
0.016154592757072577
0.018939132449739784
0.015627047336473746
0.015627047336473746
0.018939132449739784
0.016154592757072577
0.017276178140584113
0.015569010802648707
0.016783880180438013
0.015627047336473746
0.014956152276360244
0.014956152276360244
0.015627047336473746
0.016783880180438013
0.015569010802648707
0.015569010802648707
0.016783880180438013
0.015627047336473746
0.014956152276360244
0.014956152276360244
0.015627047336473746
0.016783880180438013
0.015569010802648707
0.017276178140584113
0.016154592757072577
0.018939132449739784
0.015627047336473746
0.015627047336473746
0.018939132449739784
0.016154592757072577
0.017276178140584113
0.01162968510319575
0.017887888559629517
0.016154592757072577
0.016783880180438013
0.016783880180438013
0.016154592757072577
0.017887888559629517
0.01162968510319575
0.012136038073444601
0.01162968510319575
0.017276178140584113
0.015569010802648707
0.015569010802648707
0.017276178140584113
0.01162968510319575
0.012136038073444601
0.012194132865751715
0.011710605589746698
0.017267985442891334
0.015592281960649214
0.015592281960649214
0.017267985442891334
0.011710605589746698
0.012194132865751715
0.011710605589746698
0.017828344062727843
0.016125415904277542
0.01674619904790432
0.01674619904790432
0.016125415904277542
0.017828344062727843
0.011710605589746698
0.017267985442891334
0.016125415904277542
0.01890420557436791
0.015609212999792958
0.015609212999792958
0.01890420557436791
0.016125415904277542
0.017267985442891334
0.015592281960649214
0.01674619904790432
0.015609212999792958
0.014969915606628397
0.014969915606628397
0.015609212999792958
0.01674619904790432
0.015592281960649214
0.015592281960649214
0.01674619904790432
0.015609212999792958
0.014969915606628397
0.014969915606628397
0.015609212999792958
0.01674619904790432
0.015592281960649214
0.017267985442891334
0.016125415904277542
0.01890420557436791
0.015609212999792958
0.015609212999792958
0.01890420557436791
0.016125415904277542
0.017267985442891334
0.011710605589746698
0.017828344062727843
0.016125415904277542
0.01674619904790432
0.01674619904790432
0.016125415904277542
0.017828344062727843
0.011710605589746698
0.012194132865751715
0.011710605589746698
0.017267985442891334
0.015592281960649214
0.015592281960649214
0.017267985442891334
0.011710605589746698
0.012194132865751715
0.01226403068703677
0.011788238947303104
0.01724876811230045
0.01562024269389165
0.01562024269389165
0.01724876811230045
0.011788238947303104
0.01226403068703677
0.011788238947303104
0.017771022476310745
0.01609349547433222
0.0167073869373506
0.0167073869373506
0.01609349547433222
0.017771022476310745
0.011788238947303104
0.01724876811230045
0.01609349547433222
0.018862081848131085
0.015596334224709718
0.015596334224709718
0.018862081848131085
0.01609349547433222
0.01724876811230045
0.01562024269389165
0.0167073869373506
0.015596334224709718
0.01499393220874591
0.01499393220874591
0.015596334224709718
0.0167073869373506
0.01562024269389165
0.01562024269389165
0.0167073869373506
0.015596334224709718
0.01499393220874591
0.01499393220874591
0.015596334224709718
0.0167073869373506
0.01562024269389165
0.01724876811230045
0.01609349547433222
0.018862081848131085
0.015596334224709718
0.015596334224709718
0.018862081848131085
0.01609349547433222
0.01724876811230045
0.011788238947303104
0.017771022476310745
0.01609349547433222
0.0167073869373506
0.0167073869373506
0.01609349547433222
0.017771022476310745
0.011788238947303104
0.01226403068703677
0.011788238947303104
0.01724876811230045
0.01562024269389165
0.01562024269389165
0.01724876811230045
0.011788238947303104
0.01226403068703677
0.012346216710488127
0.011847777376809499
0.017228484468828003
0.015624867386329046
0.015624867386329046
0.017228484468828003
0.011847777376809499
0.012346216710488127
0.011847777376809499
0.017715178670688937
0.016067817323499232
0.01668120998391435
0.01668120998391435
0.016067817323499232
0.017715178670688937
0.011847777376809499
0.017228484468828003
0.016067817323499232
0.01882572071972899
0.015594506361569522
0.015594506361569522
0.01882572071972899
0.016067817323499232
0.017228484468828003
0.015624867386329046
0.01668120998391435
0.015594506361569522
0.015023558097194656
0.015023558097194656
0.015594506361569522
0.01668120998391435
0.015624867386329046
0.015624867386329046
0.01668120998391435
0.015594506361569522
0.015023558097194656
0.015023558097194656
0.015594506361569522
0.01668120998391435
0.015624867386329046
0.017228484468828003
0.016067817323499232
0.01882572071972899
0.015594506361569522
0.015594506361569522
0.01882572071972899
0.016067817323499232
0.017228484468828003
0.011847777376809499
0.017715178670688937
0.016067817323499232
0.01668120998391435
0.01668120998391435
0.016067817323499232
0.017715178670688937
0.011847777376809499
0.012346216710488127
0.011847777376809499
0.017228484468828003
0.015624867386329046
0.015624867386329046
0.017228484468828003
0.011847777376809499
0.012346216710488127
0.012438441583576322
0.011901945534514376
0.017224638358207384
0.015617615120376934
0.015617615120376934
0.017224638358207384
0.011901945534514376
0.012438441583576322
0.011901945534514376
0.01767542580117256
0.01604248492786019
0.016654771248025953
0.016654771248025953
0.01604248492786019
0.01767542580117256
0.011901945534514376
0.017224638358207384
0.01604248492786019
0.018785677187349647
0.015583798059029881
0.015583798059029881
0.018785677187349647
0.01604248492786019
0.017224638358207384
0.015617615120376934
0.016654771248025953
0.015583798059029881
0.015049948931872071
0.015049948931872071
0.015583798059029881
0.016654771248025953
0.015617615120376934
0.015617615120376934
0.016654771248025953
0.015583798059029881
0.015049948931872071
0.015049948931872071
0.015583798059029881
0.016654771248025953
0.015617615120376934
0.017224638358207384
0.01604248492786019
0.018785677187349647
0.015583798059029881
0.015583798059029881
0.018785677187349647
0.01604248492786019
0.017224638358207384
0.011901945534514376
0.01767542580117256
0.01604248492786019
0.016654771248025953
0.016654771248025953
0.01604248492786019
0.01767542580117256
0.011901945534514376
0.012438441583576322
0.011901945534514376
0.017224638358207384
0.015617615120376934
0.015617615120376934
0.017224638358207384
0.011901945534514376
0.012438441583576322
0.013787750530973402
0.007003393729215763
0.01839699122882432
0.019542828799706383
0.019542828799706383
0.01839699122882432
0.007003393729215763
0.013787750530973402
0.007003393729215763
0.01746411074980468
0.016129184793542133
0.024187011188299808
0.024187011188299808
0.016129184793542133
0.01746411074980468
0.007003393729215763
0.01839699122882432
0.016129184793542133
0.010004253878429391
0.015133591205745298
0.015133591205745298
0.010004253878429391
0.016129184793542133
0.01839699122882432
0.019542828799706383
0.024187011188299808
0.015133591205745298
0.007957882950125126
0.007957882950125126
0.015133591205745298
0.024187011188299808
0.019542828799706383
0.019542828799706383
0.024187011188299808
0.015133591205745298
0.007957882950125126
0.007957882950125126
0.015133591205745298
0.024187011188299808
0.019542828799706383
0.01839699122882432
0.016129184793542133
0.010004253878429391
0.015133591205745298
0.015133591205745298
0.010004253878429391
0.016129184793542133
0.01839699122882432
0.007003393729215763
0.01746411074980468
0.016129184793542133
0.024187011188299808
0.024187011188299808
0.016129184793542133
0.01746411074980468
0.007003393729215763
0.013787750530973402
0.007003393729215763
0.01839699122882432
0.019542828799706383
0.019542828799706383
0.01839699122882432
0.007003393729215763
0.013787750530973402
0.012016950791983604
0.011627505459917873
0.01842689754073445
0.01584820664742963
0.01584820664742963
0.01842689754073445
0.011627505459917873
0.012016950791983604
0.011627505459917873
0.02246356776782229
0.013514248707141793
0.02088400693079529
0.02088400693079529
0.013514248707141793
0.02246356776782229
0.011627505459917873
0.01842689754073445
0.013514248707141793
0.014064194268404943
0.012242698120372953
0.012242698120372953
0.014064194268404943
0.013514248707141793
0.01842689754073445
0.01584820664742963
0.02088400693079529
0.012242698120372953
0.01636816035900519
0.01636816035900519
0.012242698120372953
0.02088400693079529
0.01584820664742963
0.01584820664742963
0.02088400693079529
0.012242698120372953
0.01636816035900519
0.01636816035900519
0.012242698120372953
0.02088400693079529
0.01584820664742963
0.01842689754073445
0.013514248707141793
0.014064194268404943
0.012242698120372953
0.012242698120372953
0.014064194268404943
0.013514248707141793
0.01842689754073445
0.011627505459917873
0.02246356776782229
0.013514248707141793
0.02088400693079529
0.02088400693079529
0.013514248707141793
0.02246356776782229
0.011627505459917873
0.012016950791983604
0.011627505459917873
0.01842689754073445
0.01584820664742963
0.01584820664742963
0.01842689754073445
0.011627505459917873
0.012016950791983604
0.012618003212131272
0.010894525950633071
0.017821368667172762
0.012282905178056582
0.012282905178056582
0.017821368667172762
0.010894525950633071
0.012618003212131272
0.010894525950633071
0.024283260753533896
0.015335769064379633
0.018345932800174547
0.018345932800174547
0.015335769064379633
0.024283260753533896
0.010894525950633071
0.017821368667172762
0.015335769064379633
0.013308812236398845
0.015561876423854756
0.015561876423854756
0.013308812236398845
0.015335769064379633
0.017821368667172762
0.012282905178056582
0.018345932800174547
0.015561876423854756
0.0193051676293933
0.0193051676293933
0.015561876423854756
0.018345932800174547
0.012282905178056582
0.012282905178056582
0.018345932800174547
0.015561876423854756
0.0193051676293933
0.0193051676293933
0.015561876423854756
0.018345932800174547
0.012282905178056582
0.017821368667172762
0.015335769064379633
0.013308812236398845
0.015561876423854756
0.015561876423854756
0.013308812236398845
0.015335769064379633
0.017821368667172762
0.010894525950633071
0.024283260753533896
0.015335769064379633
0.018345932800174547
0.018345932800174547
0.015335769064379633
0.024283260753533896
0.010894525950633071
0.012618003212131272
0.010894525950633071
0.017821368667172762
0.012282905178056582
0.012282905178056582
0.017821368667172762
0.010894525950633071
0.012618003212131272
0.014191063975901008
0.012417369340764385
0.01425381465417792
0.011405802581294077
0.011405802581294077
0.01425381465417792
0.012417369340764385
0.014191063975901008
0.012417369340764385
0.019603001533174447
0.0184274773837656
0.020967205010610886
0.020967205010610886
0.0184274773837656
0.019603001533174447
0.012417369340764385
0.01425381465417792
0.0184274773837656
0.015185755010171146
0.015297101256958085
0.015297101256958085
0.015185755010171146
0.0184274773837656
0.01425381465417792
0.011405802581294077
0.020967205010610886
0.015297101256958085
0.01548263902561149
0.01548263902561149
0.015297101256958085
0.020967205010610886
0.011405802581294077
0.011405802581294077
0.020967205010610886
0.015297101256958085
0.01548263902561149
0.01548263902561149
0.015297101256958085
0.020967205010610886
0.011405802581294077
0.01425381465417792
0.0184274773837656
0.015185755010171146
0.015297101256958085
0.015297101256958085
0.015185755010171146
0.0184274773837656
0.01425381465417792
0.012417369340764385
0.019603001533174447
0.0184274773837656
0.020967205010610886
0.020967205010610886
0.0184274773837656
0.019603001533174447
0.012417369340764385
0.014191063975901008
0.012417369340764385
0.01425381465417792
0.011405802581294077
0.011405802581294077
0.01425381465417792
0.012417369340764385
0.014191063975901008
0.016245728326552026
0.014939323891012308
0.01289752606188361
0.014223334261452773
0.014223334261452773
0.01289752606188361
0.014939323891012308
0.016245728326552026
0.014939323891012308
0.021155553945569776
0.01594644732644345
0.01835122844427839
0.01835122844427839
0.01594644732644345
0.021155553945569776
0.014939323891012308
0.01289752606188361
0.01594644732644345
0.015383183235319765
0.014412175868773544
0.014412175868773544
0.015383183235319765
0.01594644732644345
0.01289752606188361
0.014223334261452773
0.01835122844427839
0.014412175868773544
0.015675462784870337
0.015675462784870337
0.014412175868773544
0.01835122844427839
0.014223334261452773
0.014223334261452773
0.01835122844427839
0.014412175868773544
0.015675462784870337
0.015675462784870337
0.014412175868773544
0.01835122844427839
0.014223334261452773
0.01289752606188361
0.01594644732644345
0.015383183235319765
0.014412175868773544
0.014412175868773544
0.015383183235319765
0.01594644732644345
0.01289752606188361
0.014939323891012308
0.021155553945569776
0.01594644732644345
0.01835122844427839
0.01835122844427839
0.01594644732644345
0.021155553945569776
0.014939323891012308
0.016245728326552026
0.014939323891012308
0.01289752606188361
0.014223334261452773
0.014223334261452773
0.01289752606188361
0.014939323891012308
0.016245728326552026
0.01677614988941372
0.01731555469082826
0.01300584422926317
0.012114457382485675
0.012114457382485675
0.01300584422926317
0.01731555469082826
0.01677614988941372
0.01731555469082826
0.02136557917745252
0.013955272522632463
0.018408428055766177
0.018408428055766177
0.013955272522632463
0.02136557917745252
0.01731555469082826
0.01300584422926317
0.013955272522632463
0.015655019157153664
0.015790469335251
0.015790469335251
0.015655019157153664
0.013955272522632463
0.01300584422926317
0.012114457382485675
0.018408428055766177
0.015790469335251
0.015023199343526637
0.015023199343526637
0.015790469335251
0.018408428055766177
0.012114457382485675
0.012114457382485675
0.018408428055766177
0.015790469335251
0.015023199343526637
0.015023199343526637
0.015790469335251
0.018408428055766177
0.012114457382485675
0.01300584422926317
0.013955272522632463
0.015655019157153664
0.015790469335251
0.015790469335251
0.015655019157153664
0.013955272522632463
0.01300584422926317
0.01731555469082826
0.02136557917745252
0.013955272522632463
0.018408428055766177
0.018408428055766177
0.013955272522632463
0.02136557917745252
0.01731555469082826
0.01677614988941372
0.01731555469082826
0.01300584422926317
0.012114457382485675
0.012114457382485675
0.01300584422926317
0.01731555469082826
0.01677614988941372
0.01785535804373351
0.01510914984315591
0.014574801669872638
0.014055248664469982
0.014055248664469982
0.014574801669872638
0.01510914984315591
0.01785535804373351
0.01510914984315591
0.01897992692371275
0.015533562889871327
0.01715623430745456
0.01715623430745456
0.015533562889871327
0.01897992692371275
0.01510914984315591
0.014574801669872638
0.015533562889871327
0.014818767235475252
0.014953631211333845
0.014953631211333845
0.014818767235475252
0.015533562889871327
0.014574801669872638
0.014055248664469982
0.01715623430745456
0.014953631211333845
0.015580690624761959
0.015580690624761959
0.014953631211333845
0.01715623430745456
0.014055248664469982
0.014055248664469982
0.01715623430745456
0.014953631211333845
0.015580690624761959
0.015580690624761959
0.014953631211333845
0.01715623430745456
0.014055248664469982
0.014574801669872638
0.015533562889871327
0.014818767235475252
0.014953631211333845
0.014953631211333845
0.014818767235475252
0.015533562889871327
0.014574801669872638
0.01510914984315591
0.01897992692371275
0.015533562889871327
0.01715623430745456
0.01715623430745456
0.015533562889871327
0.01897992692371275
0.01510914984315591
0.01785535804373351
0.01510914984315591
0.014574801669872638
0.014055248664469982
0.014055248664469982
0.014574801669872638
0.01510914984315591
0.01785535804373351
0.016087400643253695
0.015353003998496215
0.01419613429767446
0.01534619169726751
0.01534619169726751
0.01419613429767446
0.015353003998496215
0.016087400643253695
0.015353003998496215
0.02038904126782307
0.016211441358435132
0.017136918371297584
0.017136918371297584
0.016211441358435132
0.02038904126782307
0.015353003998496215
0.01419613429767446
0.016211441358435132
0.013331863982181552
0.014105962708807599
0.014105962708807599
0.013331863982181552
0.016211441358435132
0.01419613429767446
0.01534619169726751
0.017136918371297584
0.014105962708807599
0.015492389242784689
0.015492389242784689
0.014105962708807599
0.017136918371297584
0.01534619169726751
0.01534619169726751
0.017136918371297584
0.014105962708807599
0.015492389242784689
0.015492389242784689
0.014105962708807599
0.017136918371297584
0.01534619169726751
0.01419613429767446
0.016211441358435132
0.013331863982181552
0.014105962708807599
0.014105962708807599
0.013331863982181552
0.016211441358435132
0.01419613429767446
0.015353003998496215
0.02038904126782307
0.016211441358435132
0.017136918371297584
0.017136918371297584
0.016211441358435132
0.02038904126782307
0.015353003998496215
0.016087400643253695
0.015353003998496215
0.01419613429767446
0.01534619169726751
0.01534619169726751
0.01419613429767446
0.015353003998496215
0.016087400643253695
0.015601369603483042
0.01720238239129713
0.013143556576549151
0.016943341028904567
0.016943341028904567
0.013143556576549151
0.01720238239129713
0.015601369603483042
0.01720238239129713
0.019570977884915037
0.014822842432667594
0.016949648777710543
0.016949648777710543
0.014822842432667594
0.019570977884915037
0.01720238239129713
0.013143556576549151
0.014822842432667594
0.015310556540485083
0.013618091546421998
0.013618091546421998
0.015310556540485083
0.014822842432667594
0.013143556576549151
0.016943341028904567
0.016949648777710543
0.013618091546421998
0.014157370464014874
0.014157370464014874
0.013618091546421998
0.016949648777710543
0.016943341028904567
0.016943341028904567
0.016949648777710543
0.013618091546421998
0.014157370464014874
0.014157370464014874
0.013618091546421998
0.016949648777710543
0.016943341028904567
0.013143556576549151
0.014822842432667594
0.015310556540485083
0.013618091546421998
0.013618091546421998
0.015310556540485083
0.014822842432667594
0.013143556576549151
0.01720238239129713
0.019570977884915037
0.014822842432667594
0.016949648777710543
0.016949648777710543
0.014822842432667594
0.019570977884915037
0.01720238239129713
0.015601369603483042
0.01720238239129713
0.013143556576549151
0.016943341028904567
0.016943341028904567
0.013143556576549151
0.01720238239129713
0.015601369603483042
0.014611922744121908
0.017940684781930658
0.012556871032488091
0.017476822179663797
0.017476822179663797
0.012556871032488091
0.017940684781930658
0.014611922744121908
0.017940684781930658
0.01902830273128439
0.014649023385645327
0.01761007110722718
0.01761007110722718
0.014649023385645327
0.01902830273128439
0.017940684781930658
0.012556871032488091
0.014649023385645327
0.01370873766268272
0.013975417899913592
0.013975417899913592
0.01370873766268272
0.014649023385645327
0.012556871032488091
0.017476822179663797
0.01761007110722718
0.013975417899913592
0.014233256088173713
0.014233256088173713
0.013975417899913592
0.01761007110722718
0.017476822179663797
0.017476822179663797
0.01761007110722718
0.013975417899913592
0.014233256088173713
0.014233256088173713
0.013975417899913592
0.01761007110722718
0.017476822179663797
0.012556871032488091
0.014649023385645327
0.01370873766268272
0.013975417899913592
0.013975417899913592
0.01370873766268272
0.014649023385645327
0.012556871032488091
0.017940684781930658
0.01902830273128439
0.014649023385645327
0.01761007110722718
0.01761007110722718
0.014649023385645327
0.01902830273128439
0.017940684781930658
0.014611922744121908
0.017940684781930658
0.012556871032488091
0.017476822179663797
0.017476822179663797
0.012556871032488091
0.017940684781930658
0.014611922744121908
0.013511041027862412
0.017750905457006878
0.013998215426134506
0.018273747988017463
0.018273747988017463
0.013998215426134506
0.017750905457006878
0.013511041027862412
0.017750905457006878
0.01797657335455904
0.01494719140843556
0.017411434351512697
0.017411434351512697
0.01494719140843556
0.01797657335455904
0.017750905457006878
0.013998215426134506
0.01494719140843556
0.013893710900531944
0.012842263402771415
0.012842263402771415
0.013893710900531944
0.01494719140843556
0.013998215426134506
0.018273747988017463
0.017411434351512697
0.012842263402771415
0.014171158649289535
0.014171158649289535
0.012842263402771415
0.017411434351512697
0.018273747988017463
0.018273747988017463
0.017411434351512697
0.012842263402771415
0.014171158649289535
0.014171158649289535
0.012842263402771415
0.017411434351512697
0.018273747988017463
0.013998215426134506
0.01494719140843556
0.013893710900531944
0.012842263402771415
0.012842263402771415
0.013893710900531944
0.01494719140843556
0.013998215426134506
0.017750905457006878
0.01797657335455904
0.01494719140843556
0.017411434351512697
0.017411434351512697
0.01494719140843556
0.01797657335455904
0.017750905457006878
0.013511041027862412
0.017750905457006878
0.013998215426134506
0.018273747988017463
0.018273747988017463
0.013998215426134506
0.017750905457006878
0.013511041027862412
0.014760501907324315
0.017103987724373947
0.01388572475652427
0.018482822546838723
0.018482822546838723
0.01388572475652427
0.017103987724373947
0.014760501907324315
0.017103987724373947
0.017144076610038573
0.014329694199080426
0.017571743572844755
0.017571743572844755
0.014329694199080426
0.017144076610038573
0.017103987724373947
0.01388572475652427
0.014329694199080426
0.013422387528048453
0.013931647891632353
0.013931647891632353
0.013422387528048453
0.014329694199080426
0.01388572475652427
0.018482822546838723
0.017571743572844755
0.013931647891632353
0.014061792571999694
0.014061792571999694
0.013931647891632353
0.017571743572844755
0.018482822546838723
0.018482822546838723
0.017571743572844755
0.013931647891632353
0.014061792571999694
0.014061792571999694
0.013931647891632353
0.017571743572844755
0.018482822546838723
0.01388572475652427
0.014329694199080426
0.013422387528048453
0.013931647891632353
0.013931647891632353
0.013422387528048453
0.014329694199080426
0.01388572475652427
0.017103987724373947
0.017144076610038573
0.014329694199080426
0.017571743572844755
0.017571743572844755
0.014329694199080426
0.017144076610038573
0.017103987724373947
0.014760501907324315
0.017103987724373947
0.01388572475652427
0.018482822546838723
0.018482822546838723
0.01388572475652427
0.017103987724373947
0.014760501907324315
0.014224326395511838
0.01818486537657411
0.013477080648545836
0.01879500813286506
0.01879500813286506
0.013477080648545836
0.01818486537657411
0.014224326395511838
0.01818486537657411
0.018236958613167865
0.014252608907832783
0.016516533312542714
0.016516533312542714
0.014252608907832783
0.018236958613167865
0.01818486537657411
0.013477080648545836
0.014252608907832783
0.013754053835050207
0.013800906397636157
0.013800906397636157
0.013754053835050207
0.014252608907832783
0.013477080648545836
0.01879500813286506
0.016516533312542714
0.013800906397636157
0.013730655604276764
0.013730655604276764
0.013800906397636157
0.016516533312542714
0.01879500813286506
0.01879500813286506
0.016516533312542714
0.013800906397636157
0.013730655604276764
0.013730655604276764
0.013800906397636157
0.016516533312542714
0.01879500813286506
0.013477080648545836
0.014252608907832783
0.013754053835050207
0.013800906397636157
0.013800906397636157
0.013754053835050207
0.014252608907832783
0.013477080648545836
0.01818486537657411
0.018236958613167865
0.014252608907832783
0.016516533312542714
0.016516533312542714
0.014252608907832783
0.018236958613167865
0.01818486537657411
0.014224326395511838
0.01818486537657411
0.013477080648545836
0.01879500813286506
0.01879500813286506
0.013477080648545836
0.01818486537657411
0.014224326395511838
0.013581996016555185
0.018421516421705718
0.01278434123448718
0.018821961230974925
0.018821961230974925
0.01278434123448718
0.018421516421705718
0.013581996016555185
0.018421516421705718
0.018208183706860084
0.013345957979502271
0.017633237874013996
0.017633237874013996
0.013345957979502271
0.018208183706860084
0.018421516421705718
0.01278434123448718
0.013345957979502271
0.014509855749534131
0.013386958542145506
0.013386958542145506
0.014509855749534131
0.013345957979502271
0.01278434123448718
0.018821961230974925
0.017633237874013996
0.013386958542145506
0.014912017961391442
0.014912017961391442
0.013386958542145506
0.017633237874013996
0.018821961230974925
0.018821961230974925
0.017633237874013996
0.013386958542145506
0.014912017961391442
0.014912017961391442
0.013386958542145506
0.017633237874013996
0.018821961230974925
0.01278434123448718
0.013345957979502271
0.014509855749534131
0.013386958542145506
0.013386958542145506
0.014509855749534131
0.013345957979502271
0.01278434123448718
0.018421516421705718
0.018208183706860084
0.013345957979502271
0.017633237874013996
0.017633237874013996
0.013345957979502271
0.018208183706860084
0.018421516421705718
0.013581996016555185
0.018421516421705718
0.01278434123448718
0.018821961230974925
0.018821961230974925
0.01278434123448718
0.018421516421705718
0.013581996016555185
0.013816855552427286
0.01759287858557847
0.01421831078334954
0.018579354408531937
0.018579354408531937
0.01421831078334954
0.01759287858557847
0.013816855552427286
0.01759287858557847
0.01740860061075961
0.013312532753254001
0.018288609655632893
0.018288609655632893
0.013312532753254001
0.01740860061075961
0.01759287858557847
0.01421831078334954
0.013312532753254001
0.014017407906287834
0.013113037753334906
0.013113037753334906
0.014017407906287834
0.013312532753254001
0.01421831078334954
0.018579354408531937
0.018288609655632893
0.013113037753334906
0.014547688051161805
0.014547688051161805
0.013113037753334906
0.018288609655632893
0.018579354408531937
0.018579354408531937
0.018288609655632893
0.013113037753334906
0.014547688051161805
0.014547688051161805
0.013113037753334906
0.018288609655632893
0.018579354408531937
0.01421831078334954
0.013312532753254001
0.014017407906287834
0.013113037753334906
0.013113037753334906
0.014017407906287834
0.013312532753254001
0.01421831078334954
0.01759287858557847
0.01740860061075961
0.013312532753254001
0.018288609655632893
0.018288609655632893
0.013312532753254001
0.01740860061075961
0.01759287858557847
0.013816855552427286
0.01759287858557847
0.01421831078334954
0.018579354408531937
0.018579354408531937
0.01421831078334954
0.01759287858557847
0.013816855552427286
0.013075430666907686
0.018139684108684485
0.014824398243299798
0.018534234985071132
0.018534234985071132
0.014824398243299798
0.018139684108684485
0.013075430666907686
0.018139684108684485
0.016448441200909887
0.012732512308451177
0.018191842191047875
0.018191842191047875
0.012732512308451177
0.016448441200909887
0.018139684108684485
0.014824398243299798
0.012732512308451177
0.013831003551738856
0.013325786987518578
0.013325786987518578
0.013831003551738856
0.012732512308451177
0.014824398243299798
0.018534234985071132
0.018191842191047875
0.013325786987518578
0.015148206932297471
0.015148206932297471
0.013325786987518578
0.018191842191047875
0.018534234985071132
0.018534234985071132
0.018191842191047875
0.013325786987518578
0.015148206932297471
0.015148206932297471
0.013325786987518578
0.018191842191047875
0.018534234985071132
0.014824398243299798
0.012732512308451177
0.013831003551738856
0.013325786987518578
0.013325786987518578
0.013831003551738856
0.012732512308451177
0.014824398243299798
0.018139684108684485
0.016448441200909887
0.012732512308451177
0.018191842191047875
0.018191842191047875
0.012732512308451177
0.016448441200909887
0.018139684108684485
0.013075430666907686
0.018139684108684485
0.014824398243299798
0.018534234985071132
0.018534234985071132
0.014824398243299798
0.018139684108684485
0.013075430666907686
0.013627609710610765
0.019289985583698138
0.014516000188437263
0.017797596732073713
0.017797596732073713
0.014516000188437263
0.019289985583698138
0.013627609710610765
0.019289985583698138
0.016875296059999764
0.012256561002340615
0.017454198045245357
0.017454198045245357
0.012256561002340615
0.016875296059999764
0.019289985583698138
0.014516000188437263
0.012256561002340615
0.014258905386962867
0.013138247053555234
0.013138247053555234
0.014258905386962867
0.012256561002340615
0.014516000188437263
0.017797596732073713
0.017454198045245357
0.013138247053555234
0.016333011631725975
0.016333011631725975
0.013138247053555234
0.017454198045245357
0.017797596732073713
0.017797596732073713
0.017454198045245357
0.013138247053555234
0.016333011631725975
0.016333011631725975
0.013138247053555234
0.017454198045245357
0.017797596732073713
0.014516000188437263
0.012256561002340615
0.014258905386962867
0.013138247053555234
0.013138247053555234
0.014258905386962867
0.012256561002340615
0.014516000188437263
0.019289985583698138
0.016875296059999764
0.012256561002340615
0.017454198045245357
0.017454198045245357
0.012256561002340615
0.016875296059999764
0.019289985583698138
0.013627609710610765
0.019289985583698138
0.014516000188437263
0.017797596732073713
0.017797596732073713
0.014516000188437263
0.019289985583698138
0.013627609710610765
0.013800788887481862
0.018816152882805057
0.014973848690861557
0.018172398565219093
0.018172398565219093
0.014973848690861557
0.018816152882805057
0.013800788887481862
0.018816152882805057
0.01743859645710573
0.01221265326261868
0.01775256493256455
0.01775256493256455
0.01221265326261868
0.01743859645710573
0.018816152882805057
0.014973848690861557
0.01221265326261868
0.0138758572365885
0.012633253916235135
0.012633253916235135
0.0138758572365885
0.01221265326261868
0.014973848690861557
0.018172398565219093
0.01775256493256455
0.012633253916235135
0.015763012918215746
0.015763012918215746
0.012633253916235135
0.01775256493256455
0.018172398565219093
0.018172398565219093
0.01775256493256455
0.012633253916235135
0.015763012918215746
0.015763012918215746
0.012633253916235135
0.01775256493256455
0.018172398565219093
0.014973848690861557
0.01221265326261868
0.0138758572365885
0.012633253916235135
0.012633253916235135
0.0138758572365885
0.01221265326261868
0.014973848690861557
0.018816152882805057
0.01743859645710573
0.01221265326261868
0.01775256493256455
0.01775256493256455
0.01221265326261868
0.01743859645710573
0.018816152882805057
0.013800788887481862
0.018816152882805057
0.014973848690861557
0.018172398565219093
0.018172398565219093
0.014973848690861557
0.018816152882805057
0.013800788887481862
0.013651094503308567
0.019128600034174686
0.014466963636504668
0.018402127043442268
0.018402127043442268
0.014466963636504668
0.019128600034174686
0.013651094503308567
0.019128600034174686
0.016489666204589096
0.012829737978765503
0.018115655949437398
0.018115655949437398
0.012829737978765503
0.016489666204589096
0.019128600034174686
0.014466963636504668
0.012829737978765503
0.01457587494900273
0.012317298450885339
0.012317298450885339
0.01457587494900273
0.012829737978765503
0.014466963636504668
0.018402127043442268
0.018115655949437398
0.012317298450885339
0.014762598156679903
0.014762598156679903
0.012317298450885339
0.018115655949437398
0.018402127043442268
0.018402127043442268
0.018115655949437398
0.012317298450885339
0.014762598156679903
0.014762598156679903
0.012317298450885339
0.018115655949437398
0.018402127043442268
0.014466963636504668
0.012829737978765503
0.01457587494900273
0.012317298450885339
0.012317298450885339
0.01457587494900273
0.012829737978765503
0.014466963636504668
0.019128600034174686
0.016489666204589096
0.012829737978765503
0.018115655949437398
0.018115655949437398
0.012829737978765503
0.016489666204589096
0.019128600034174686
0.013651094503308567
0.019128600034174686
0.014466963636504668
0.018402127043442268
0.018402127043442268
0.014466963636504668
0.019128600034174686
0.013651094503308567
0.013428663312991938
0.019463427330019517
0.015016856224016287
0.017980759873940415
0.017980759873940415
0.015016856224016287
0.019463427330019517
0.013428663312991938
0.019463427330019517
0.016051431733620936
0.012777926234583821
0.017372091325858333
0.017372091325858333
0.012777926234583821
0.016051431733620936
0.019463427330019517
0.015016856224016287
0.012777926234583821
0.015286066450445496
0.012481172101040482
0.012481172101040482
0.015286066450445496
0.012777926234583821
0.015016856224016287
0.017980759873940415
0.017372091325858333
0.012481172101040482
0.015049372324023879
0.015049372324023879
0.012481172101040482
0.017372091325858333
0.017980759873940415
0.017980759873940415
0.017372091325858333
0.012481172101040482
0.015049372324023879
0.015049372324023879
0.012481172101040482
0.017372091325858333
0.017980759873940415
0.015016856224016287
0.012777926234583821
0.015286066450445496
0.012481172101040482
0.012481172101040482
0.015286066450445496
0.012777926234583821
0.015016856224016287
0.019463427330019517
0.016051431733620936
0.012777926234583821
0.017372091325858333
0.017372091325858333
0.012777926234583821
0.016051431733620936
0.019463427330019517
0.013428663312991938
0.019463427330019517
0.015016856224016287
0.017980759873940415
0.017980759873940415
0.015016856224016287
0.019463427330019517
0.013428663312991938
0.013554608314910926
0.01969696966500524
0.015101984367776593
0.018244054810433008
0.018244054810433008
0.015101984367776593
0.01969696966500524
0.013554608314910926
0.01969696966500524
0.016595995304122643
0.012314926146571028
0.016571325737925555
0.016571325737925555
0.012314926146571028
0.016595995304122643
0.01969696966500524
0.015101984367776593
0.012314926146571028
0.015018437388689273
0.013010816896779763
0.013010816896779763
0.015018437388689273
0.012314926146571028
0.015101984367776593
0.018244054810433008
0.016571325737925555
0.013010816896779763
0.0149508037432948
0.0149508037432948
0.013010816896779763
0.016571325737925555
0.018244054810433008
0.018244054810433008
0.016571325737925555
0.013010816896779763
0.0149508037432948
0.0149508037432948
0.013010816896779763
0.016571325737925555
0.018244054810433008
0.015101984367776593
0.012314926146571028
0.015018437388689273
0.013010816896779763
0.013010816896779763
0.015018437388689273
0.012314926146571028
0.015101984367776593
0.01969696966500524
0.016595995304122643
0.012314926146571028
0.016571325737925555
0.016571325737925555
0.012314926146571028
0.016595995304122643
0.01969696966500524
0.013554608314910926
0.01969696966500524
0.015101984367776593
0.018244054810433008
0.018244054810433008
0.015101984367776593
0.01969696966500524
0.013554608314910926
0.014050648086930663
0.019395789444643763
0.014770949168802689
0.017864939536143456
0.017864939536143456
0.014770949168802689
0.019395789444643763
0.014050648086930663
0.019395789444643763
0.016439153612889154
0.012624705813134086
0.016081941340571823
0.016081941340571823
0.012624705813134086
0.016439153612889154
0.019395789444643763
0.014770949168802689
0.012624705813134086
0.015676267354567754
0.013453309260247867
0.013453309260247867
0.015676267354567754
0.012624705813134086
0.014770949168802689
0.017864939536143456
0.016081941340571823
0.013453309260247867
0.015450661818525087
0.015450661818525087
0.013453309260247867
0.016081941340571823
0.017864939536143456
0.017864939536143456
0.016081941340571823
0.013453309260247867
0.015450661818525087
0.015450661818525087
0.013453309260247867
0.016081941340571823
0.017864939536143456
0.014770949168802689
0.012624705813134086
0.015676267354567754
0.013453309260247867
0.013453309260247867
0.015676267354567754
0.012624705813134086
0.014770949168802689
0.019395789444643763
0.016439153612889154
0.012624705813134086
0.016081941340571823
0.016081941340571823
0.012624705813134086
0.016439153612889154
0.019395789444643763
0.014050648086930663
0.019395789444643763
0.014770949168802689
0.017864939536143456
0.017864939536143456
0.014770949168802689
0.019395789444643763
0.014050648086930663
0.014624395334775182
0.019097941089966042
0.015154593857529878
0.01802011336260109
0.01802011336260109
0.015154593857529878
0.019097941089966042
0.014624395334775182
0.019097941089966042
0.015905916390410002
0.012740565394368924
0.015335728567427378
0.015335728567427378
0.012740565394368924
0.015905916390410002
0.019097941089966042
0.015154593857529878
0.012740565394368924
0.015380147655394817
0.01384995136228479
0.01384995136228479
0.015380147655394817
0.012740565394368924
0.015154593857529878
0.01802011336260109
0.015335728567427378
0.01384995136228479
0.01569175335106385
0.01569175335106385
0.01384995136228479
0.015335728567427378
0.01802011336260109
0.01802011336260109
0.015335728567427378
0.01384995136228479
0.01569175335106385
0.01569175335106385
0.01384995136228479
0.015335728567427378
0.01802011336260109
0.015154593857529878
0.012740565394368924
0.015380147655394817
0.01384995136228479
0.01384995136228479
0.015380147655394817
0.012740565394368924
0.015154593857529878
0.019097941089966042
0.015905916390410002
0.012740565394368924
0.015335728567427378
0.015335728567427378
0.012740565394368924
0.015905916390410002
0.019097941089966042
0.014624395334775182
0.019097941089966042
0.015154593857529878
0.01802011336260109
0.01802011336260109
0.015154593857529878
0.019097941089966042
0.014624395334775182
0.01511491472340816
0.018907707989067192
0.014659821114100333
0.01764978951599187
0.01764978951599187
0.014659821114100333
0.018907707989067192
0.01511491472340816
0.018907707989067192
0.015810447966300534
0.013279660851064612
0.01584089366434362
0.01584089366434362
0.013279660851064612
0.015810447966300534
0.018907707989067192
0.014659821114100333
0.013279660851064612
0.015119672590879546
0.013870845501583835
0.013870845501583835
0.015119672590879546
0.013279660851064612
0.014659821114100333
0.01764978951599187
0.01584089366434362
0.013870845501583835
0.015537527447108814
0.015537527447108814
0.013870845501583835
0.01584089366434362
0.01764978951599187
0.01764978951599187
0.01584089366434362
0.013870845501583835
0.015537527447108814
0.015537527447108814
0.013870845501583835
0.01584089366434362
0.01764978951599187
0.014659821114100333
0.013279660851064612
0.015119672590879546
0.013870845501583835
0.013870845501583835
0.015119672590879546
0.013279660851064612
0.014659821114100333
0.018907707989067192
0.015810447966300534
0.013279660851064612
0.01584089366434362
0.01584089366434362
0.013279660851064612
0.015810447966300534
0.018907707989067192
0.01511491472340816
0.018907707989067192
0.014659821114100333
0.01764978951599187
0.01764978951599187
0.014659821114100333
0.018907707989067192
0.01511491472340816
0.015611449501329228
0.01829952684503945
0.014514573213616551
0.017764911807592938
0.017764911807592938
0.014514573213616551
0.01829952684503945
0.015611449501329228
0.01829952684503945
0.015636663544189675
0.0138581563027652
0.016135313841195098
0.016135313841195098
0.0138581563027652
0.015636663544189675
0.01829952684503945
0.014514573213616551
0.0138581563027652
0.015678975343961576
0.01348888788357422
0.01348888788357422
0.015678975343961576
0.0138581563027652
0.014514573213616551
0.017764911807592938
0.016135313841195098
0.01348888788357422
0.014950171822952593
0.014950171822952593
0.01348888788357422
0.016135313841195098
0.017764911807592938
0.017764911807592938
0.016135313841195098
0.01348888788357422
0.014950171822952593
0.014950171822952593
0.01348888788357422
0.016135313841195098
0.017764911807592938
0.014514573213616551
0.0138581563027652
0.015678975343961576
0.01348888788357422
0.01348888788357422
0.015678975343961576
0.0138581563027652
0.014514573213616551
0.01829952684503945
0.015636663544189675
0.0138581563027652
0.016135313841195098
0.016135313841195098
0.0138581563027652
0.015636663544189675
0.01829952684503945
0.015611449501329228
0.01829952684503945
0.014514573213616551
0.017764911807592938
0.017764911807592938
0.014514573213616551
0.01829952684503945
0.015611449501329228
0.015014816254664276
0.01759076210839707
0.01501417301807062
0.017961437809438246
0.017961437809438246
0.01501417301807062
0.01759076210839707
0.015014816254664276
0.01759076210839707
0.015618541832557002
0.014121323608610932
0.016271936997519394
0.016271936997519394
0.014121323608610932
0.015618541832557002
0.01759076210839707
0.01501417301807062
0.014121323608610932
0.015244970069844732
0.013819257305528078
0.013819257305528078
0.015244970069844732
0.014121323608610932
0.01501417301807062
0.017961437809438246
0.016271936997519394
0.013819257305528078
0.014563890147805274
0.014563890147805274
0.013819257305528078
0.016271936997519394
0.017961437809438246
0.017961437809438246
0.016271936997519394
0.013819257305528078
0.014563890147805274
0.014563890147805274
0.013819257305528078
0.016271936997519394
0.017961437809438246
0.01501417301807062
0.014121323608610932
0.015244970069844732
0.013819257305528078
0.013819257305528078
0.015244970069844732
0.014121323608610932
0.01501417301807062
0.01759076210839707
0.015618541832557002
0.014121323608610932
0.016271936997519394
0.016271936997519394
0.014121323608610932
0.015618541832557002
0.01759076210839707
0.015014816254664276
0.01759076210839707
0.01501417301807062
0.017961437809438246
0.017961437809438246
0.01501417301807062
0.01759076210839707
0.015014816254664276
0.015426659004954829
0.017499052351009257
0.014728830066723271
0.018085269710122545
0.018085269710122545
0.014728830066723271
0.017499052351009257
0.015426659004954829
0.017499052351009257
0.01562708506891434
0.014026548833501034
0.016154072692388617
0.016154072692388617
0.014026548833501034
0.01562708506891434
0.017499052351009257
0.014728830066723271
0.014026548833501034
0.01506401915511804
0.013991177505283533
0.013991177505283533
0.01506401915511804
0.014026548833501034
0.014728830066723271
0.018085269710122545
0.016154072692388617
0.013991177505283533
0.014912334452956272
0.014912334452956272
0.013991177505283533
0.016154072692388617
0.018085269710122545
0.018085269710122545
0.016154072692388617
0.013991177505283533
0.014912334452956272
0.014912334452956272
0.013991177505283533
0.016154072692388617
0.018085269710122545
0.014728830066723271
0.014026548833501034
0.01506401915511804
0.013991177505283533
0.013991177505283533
0.01506401915511804
0.014026548833501034
0.014728830066723271
0.017499052351009257
0.01562708506891434
0.014026548833501034
0.016154072692388617
0.016154072692388617
0.014026548833501034
0.01562708506891434
0.017499052351009257
0.015426659004954829
0.017499052351009257
0.014728830066723271
0.018085269710122545
0.018085269710122545
0.014728830066723271
0.017499052351009257
0.015426659004954829
0.01582859955383762
0.016874311591007145
0.014788262630513653
0.01731105603893235
0.01731105603893235
0.014788262630513653
0.016874311591007145
0.01582859955383762
0.016874311591007145
0.015649225688376456
0.014222303671768178
0.0164416072707519
0.0164416072707519
0.014222303671768178
0.015649225688376456
0.016874311591007145
0.014788262630513653
0.014222303671768178
0.015332285840915609
0.014378485135355517
0.014378485135355517
0.015332285840915609
0.014222303671768178
0.014788262630513653
0.01731105603893235
0.0164416072707519
0.014378485135355517
0.015157836240212847
0.015157836240212847
0.014378485135355517
0.0164416072707519
0.01731105603893235
0.01731105603893235
0.0164416072707519
0.014378485135355517
0.015157836240212847
0.015157836240212847
0.014378485135355517
0.0164416072707519
0.01731105603893235
0.014788262630513653
0.014222303671768178
0.015332285840915609
0.014378485135355517
0.014378485135355517
0.015332285840915609
0.014222303671768178
0.014788262630513653
0.016874311591007145
0.015649225688376456
0.014222303671768178
0.0164416072707519
0.0164416072707519
0.014222303671768178
0.015649225688376456
0.016874311591007145
0.01582859955383762
0.016874311591007145
0.014788262630513653
0.01731105603893235
0.01731105603893235
0.014788262630513653
0.016874311591007145
0.01582859955383762
0.016194035297683103
0.016673336293180623
0.015336825275944575
0.016889715219047762
0.016889715219047762
0.015336825275944575
0.016673336293180623
0.016194035297683103
0.016673336293180623
0.01610438063840629
0.014226797205808647
0.016367673648012906
0.016367673648012906
0.014226797205808647
0.01610438063840629
0.016673336293180623
0.015336825275944575
0.014226797205808647
0.015275999080864978
0.014156621234446484
0.014156621234446484
0.015275999080864978
0.014226797205808647
0.015336825275944575
0.016889715219047762
0.016367673648012906
0.014156621234446484
0.015123647230163607
0.015123647230163607
0.014156621234446484
0.016367673648012906
0.016889715219047762
0.016889715219047762
0.016367673648012906
0.014156621234446484
0.015123647230163607
0.015123647230163607
0.014156621234446484
0.016367673648012906
0.016889715219047762
0.015336825275944575
0.014226797205808647
0.015275999080864978
0.014156621234446484
0.014156621234446484
0.015275999080864978
0.014226797205808647
0.015336825275944575
0.016673336293180623
0.01610438063840629
0.014226797205808647
0.016367673648012906
0.016367673648012906
0.014226797205808647
0.01610438063840629
0.016673336293180623
0.016194035297683103
0.016673336293180623
0.015336825275944575
0.016889715219047762
0.016889715219047762
0.015336825275944575
0.016673336293180623
0.016194035297683103
