0.14634629860878343
0.1515660666011001
0.15561208090892026
0.158642190628881
0.16080170457621487
0.1622238518188836
0.1630302422117116
0.1633313269305195
0.16322685900625775
0.16280635385914033
0.16214954983277818
0.16132686872831287
0.16039987633855013
0.15942174298209355
0.15843770403747806
0.15748552047730355
0.15659593940236838
0.1557931545758032
0.15509526695720421
0.15451474523676706
0.15405888636942017
0.15373027610895856
0.15352724954217728
0.15344435162300493
0.15347279770663744
0.15360093408367165
0.15381469851423848
0.15409808076213738
0.15443358312896896
0.15480268098826921
0.1551862833196427
0.15556519324289658
0.15592056855217365
0.15623438225008668
0.15648988308185094
0.15667205606941909
0.15676808304561332
0.15676780318826045
0.1566641735543239
0.15645372961403908
0.1561370457850452
0.15571919596652076
0.15521021407331392
0.1546255545700814
0.1539865530054159
0.15332088654598422
0.15266303451065985
0.15205473890465368
0.15154546495365248
0.15119286163794857
0.15106322222657567
0.15123194481143984
0.15178399284145713
0.15281435565668358
0.15442850902244934
0.1567428756634935
0.15988528579809944
0.16399543767222327
0.1692253580936304
0.17573986296603092
0.18415873305959274
0.18014896751070822
0.17771103610882388
0.1765502855894994
0.17640042618172178
0.17702237841169047
0.17820311990660262
0.17975453219843826
0.18151224752774536
0.1833344956474251
0.18510095062651702
0.18671157765398416
0.18808547984249818
0.18915974503222482
0.18988829259460854
0.19024072023615832
0.19020115080223227
0.1897670790808231
0.1889482186063434
0.1877653484634104
0.18624916009063153
0.18443910408438946
0.18238223700262707
0.18013206816863309
0.17774740647482667
0.17529120718654334
0.17282941874581925
0.17042982957517677
0.16816091488141016
0.1660906834593699
0.1642855244957483
0.1628090543728647
0.16172096347245002
0.16107586297943371
0.1609221316857259
0.16130076279400646
0.16224421072150574
0.16377523790379372
0.1659057615985633
0.16863570068941441
0.17195182248964225
0.17582658954601887
0.18021700644258276
0.1850634666044167
0.1902885991014439
0.19579611545220116
0.20146965642763393
0.2071716388548746
0.2127421024210313
0.21799755647697266
0.22272982684111153
0.22670490260319182
0.22966178292807393
0.2313113238595172
0.23133508512396483
0.22938417693433616
0.22507810679380624
0.2180036262995843
0.2077135779467174
0.19372574193185327
0.1883353331195535
0.17960463543490124
0.17239401864032103
0.16655984581244773
0.16196552227839733
0.15848136619959205
0.15598447915558533
0.15435861672788712
0.15349405908378888
0.15328748156018876
0.1536418252474168
0.1544661675730598
0.15567559288578683
0.15719106303917402
0.15893928797552975
0.16085259630971988
0.1628688059129929
0.16493109449680493
0.1669878701966447
0.1689926421558592
0.17090389110947818
0.17268493996803966
0.174303824401415
0.1757331634226339
0.17695002997170958
0.17793582149946405
0.17867613055135304
0.1791606153512911
0.17938287038547687
0.17934029698621815
0.17903397391575707
0.17846852795009518
0.17765200446281862
0.17659573800892273
0.1753142229086382
0.17382498383125514
0.1721484463789493
0.1703078076706059
0.16832890692564592
0.16624009604785014
0.16407211020918586
0.1618579384336297
0.15963269418099527
0.1574334859307567
0.15529928776587335
0.1532708099566167
0.15139036954439447
0.14970176092557466
0.14825012643531318
0.14708182693137647
0.14624431237796873
0.14578599242955523
0.1457561070146883
0.14620459691983265
0.14718197437319044
0.14873919362852492
0.1509275215489899
0.15379840819094823
0.15740335738780195
0.1617937973338158
0.1871159044596185
0.18275214769201203
0.17812871601492775
0.17338800225995674
0.16865593875303725
0.16404270596242973
0.15964344114669235
0.15553894700265614
0.15179640031340025
0.14847006059622725
0.1456019787506384
0.1432227057063089
0.1413520010710631
0.13999954177885
0.13916563073771807
0.13884190547779102
0.13901204679924276
0.1396524874202727
0.14073312062508106
0.14221800891184422
0.1440660926406898
0.14623189868167208
0.14866624906274706
0.15131696961774815
0.15412959863436096
0.1570480955020988
0.16001554936027804
0.16297488774599306
0.1658695852420917
0.16864437212515065
0.17124594301345075
0.17362366551495173
0.17573028887526815
0.17752265262564418
0.1789623952309293
0.18001666273755296
0.18065881742150014
0.1808691464362876
0.18063557046093695
0.1799543523479522
0.1788308057712934
0.17728000387435278
0.17532748791793004
0.17300997592820605
0.17037607134472105
0.1674869716683478
0.1644171771092671
0.16125519923494247
0.1581042696180976
0.15508304848469007
0.15232633336188542
0.14998576772603534
0.1482305496506513
0.14724814045437784
0.14724497334897277
0.14844716208727676
0.15110120961119372
0.155474716699663
0.16185709061663314
0.17056025375904582
0.1205162752671569
0.1354073735120769
0.14721033948388831
0.15629729413059593
0.16301429259258576
0.16768216725245744
0.17059737078485626
0.1720328192063054
0.17223873492503833
0.1714434897908308
0.1698544481448332
0.16765880986940263
0.16502445343793543
0.16210077896469888
0.15901955125466388
0.15589574285333713
0.15282837709659286
0.14990137116050578
0.14718437911118265
0.14473363495459474
0.14259279568641048
0.14079378434182666
0.1393576330454016
0.13829532606088712
0.13760864284106034
0.13729100107755626
0.13732829975070004
0.13769976217933927
0.1383787790706757
0.13933375157009764
0.14052893431101293
0.14192527846467995
0.14348127479004036
0.145153796683552
0.1468989432290193
0.14867288224742792
0.15043269334677611
0.1521372109719047
0.15374786745433144
0.15522953606208512
0.15655137404953323
0.15768766570721682
0.15861866541168435
0.1593314406753198
0.15982071519617735
0.1600897119078134
0.16015099602912253
0.1600273181141585
0.1597524571019795
0.15937206336647314
0.15894450176618935
0.15854169469417356
0.15824996512780287
0.15817087967860988
0.1584220916421174
0.15913818404767943
0.16047151270829707
0.16259304927047102
0.165693224264015
0.16998277015189922
0.17352745548529616
0.17052080924920285
0.1689438088431202
0.16856238157862075
0.1691621156180446
0.17054753035494832
0.1725413467945535
0.17498375793419527
0.17773169914377113
0.18065811854618943
0.18365124739781813
0.18661387046893332
0.18946259642416796
0.19212712820296046
0.19454953340000328
0.19668351464569173
0.19849367998657236
0.19995481326579184
0.2010511445035455
0.20177562027752582
0.2021291741033714
0.20211999681511514
0.20176280694563337
0.20107812110709422
0.20009152437140637
0.19883294065066717
0.19733590307761245
0.1956368243860636
0.19377426729137784
0.19178821487089542
0.18971934094438936
0.18760828045451322
0.18549489984725018
0.18341756745236204
0.1814124238638371
0.17951265232033906
0.1777477490856562
0.17614279382914882
0.17471772000619912
0.17348658523866026
0.17245684169530126
0.17162860647226152
0.17099393197349513
0.17053607629122045
0.1702287735863688
0.17003550446903543
0.16990876637892324
0.16978934396579706
0.16960557946992644
0.16927264310253928
0.16869180342626836
0.16774969773560172
0.16631760243732596
0.1642507034309796
0.1613873664893046
0.15754840763868794
0.15253636353961045
0.14613476186710503
0.13810739169119846
0.1281975738573508
0.01706966154975748
0.015776172497837845
0.01633009657524899
0.015695589812623804
0.015695589812623804
0.01633009657524899
0.015776172497837845
0.01706966154975748
0.015776172497837845
0.01543775461363498
0.016036768648627485
0.015082816227242139
0.015082816227242139
0.016036768648627485
0.01543775461363498
0.015776172497837845
0.01633009657524899
0.016036768648627485
0.015663074846810912
0.015580094318007784
0.015580094318007784
0.015663074846810912
0.016036768648627485
0.01633009657524899
0.015695589812623804
0.015082816227242139
0.015580094318007784
0.015764043397977868
0.015764043397977868
0.015580094318007784
0.015082816227242139
0.015695589812623804
0.015695589812623804
0.015082816227242139
0.015580094318007784
0.015764043397977868
0.015764043397977868
0.015580094318007784
0.015082816227242139
0.015695589812623804
0.01633009657524899
0.016036768648627485
0.015663074846810912
0.015580094318007784
0.015580094318007784
0.015663074846810912
0.016036768648627485
0.01633009657524899
0.015776172497837845
0.01543775461363498
0.016036768648627485
0.015082816227242139
0.015082816227242139
0.016036768648627485
0.01543775461363498
0.015776172497837845
0.01706966154975748
0.015776172497837845
0.01633009657524899
0.015695589812623804
0.015695589812623804
0.01633009657524899
0.015776172497837845
0.01706966154975748
0.01678946270537058
0.01615138195388412
0.016541527374834507
0.015841928256084086
0.015841928256084086
0.016541527374834507
0.01615138195388412
0.01678946270537058
0.01615138195388412
0.015725252637169635
0.015841809848194433
0.01512602283523367
0.01512602283523367
0.015841809848194433
0.015725252637169635
0.01615138195388412
0.016541527374834507
0.015841809848194433
0.015425326962188938
0.015451734431340187
0.015451734431340187
0.015425326962188938
0.015841809848194433
0.016541527374834507
0.015841928256084086
0.01512602283523367
0.015451734431340187
0.015603435089332866
0.015603435089332866
0.015451734431340187
0.01512602283523367
0.015841928256084086
0.015841928256084086
0.01512602283523367
0.015451734431340187
0.015603435089332866
0.015603435089332866
0.015451734431340187
0.01512602283523367
0.015841928256084086
0.016541527374834507
0.015841809848194433
0.015425326962188938
0.015451734431340187
0.015451734431340187
0.015425326962188938
0.015841809848194433
0.016541527374834507
0.01615138195388412
0.015725252637169635
0.015841809848194433
0.01512602283523367
0.01512602283523367
0.015841809848194433
0.015725252637169635
0.01615138195388412
0.01678946270537058
0.01615138195388412
0.016541527374834507
0.015841928256084086
0.015841928256084086
0.016541527374834507
0.01615138195388412
0.01678946270537058
0.016546946465363727
0.016418032816824104
0.016680643404010008
0.01596829084352957
0.01596829084352957
0.016680643404010008
0.016418032816824104
0.016546946465363727
0.016418032816824104
0.015941226776970855
0.015681878777210313
0.015177111615921099
0.015177111615921099
0.015681878777210313
0.015941226776970855
0.016418032816824104
0.016680643404010008
0.015681878777210313
0.015245715018823486
0.015344147357659666
0.015344147357659666
0.015245715018823486
0.015681878777210313
0.016680643404010008
0.01596829084352957
0.015177111615921099
0.015344147357659666
0.015473367777019945
0.015473367777019945
0.015344147357659666
0.015177111615921099
0.01596829084352957
0.01596829084352957
0.015177111615921099
0.015344147357659666
0.015473367777019945
0.015473367777019945
0.015344147357659666
0.015177111615921099
0.01596829084352957
0.016680643404010008
0.015681878777210313
0.015245715018823486
0.015344147357659666
0.015344147357659666
0.015245715018823486
0.015681878777210313
0.016680643404010008
0.016418032816824104
0.015941226776970855
0.015681878777210313
0.015177111615921099
0.015177111615921099
0.015681878777210313
0.015941226776970855
0.016418032816824104
0.016546946465363727
0.016418032816824104
0.016680643404010008
0.01596829084352957
0.01596829084352957
0.016680643404010008
0.016418032816824104
0.016546946465363727
0.016338333166668426
0.016591780507936617
0.016758249538481703
0.016075701015451537
0.016075701015451537
0.016758249538481703
0.016591780507936617
0.016338333166668426
0.016591780507936617
0.0160948776795312
0.015553313028585368
0.015234713871818722
0.015234713871818722
0.015553313028585368
0.0160948776795312
0.016591780507936617
0.016758249538481703
0.015553313028585368
0.015117649671209883
0.015256468777927561
0.015256468777927561
0.015117649671209883
0.015553313028585368
0.016758249538481703
0.016075701015451537
0.015234713871818722
0.015256468777927561
0.015370611012333049
0.015370611012333049
0.015256468777927561
0.015234713871818722
0.016075701015451537
0.016075701015451537
0.015234713871818722
0.015256468777927561
0.015370611012333049
0.015370611012333049
0.015256468777927561
0.015234713871818722
0.016075701015451537
0.016758249538481703
0.015553313028585368
0.015117649671209883
0.015256468777927561
0.015256468777927561
0.015117649671209883
0.015553313028585368
0.016758249538481703
0.016591780507936617
0.0160948776795312
0.015553313028585368
0.015234713871818722
0.015234713871818722
0.015553313028585368
0.0160948776795312
0.016591780507936617
0.016338333166668426
0.016591780507936617
0.016758249538481703
0.016075701015451537
0.016075701015451537
0.016758249538481703
0.016591780507936617
0.016338333166668426
0.016160083667945337
0.016687018501477
0.01678426449872467
0.01616518782193894
0.01616518782193894
0.01678426449872467
0.016687018501477
0.016160083667945337
0.016687018501477
0.016194758819382666
0.015452669582695231
0.015297532104923094
0.015297532104923094
0.015452669582695231
0.016194758819382666
0.016687018501477
0.01678426449872467
0.015452669582695231
0.01503493351426248
0.015187769062786982
0.015187769062786982
0.01503493351426248
0.015452669582695231
0.01678426449872467
0.01616518782193894
0.015297532104923094
0.015187769062786982
0.015292152131317693
0.015292152131317693
0.015187769062786982
0.015297532104923094
0.01616518782193894
0.01616518782193894
0.015297532104923094
0.015187769062786982
0.015292152131317693
0.015292152131317693
0.015187769062786982
0.015297532104923094
0.01616518782193894
0.01678426449872467
0.015452669582695231
0.01503493351426248
0.015187769062786982
0.015187769062786982
0.01503493351426248
0.015452669582695231
0.01678426449872467
0.016687018501477
0.016194758819382666
0.015452669582695231
0.015297532104923094
0.015297532104923094
0.015452669582695231
0.016194758819382666
0.016687018501477
0.016160083667945337
0.016687018501477
0.01678426449872467
0.01616518782193894
0.01616518782193894
0.01678426449872467
0.016687018501477
0.016160083667945337
0.016008892281827662
0.016716924180488202
0.016767753410216957
0.016237783690230424
0.016237783690230424
0.016767753410216957
0.016716924180488202
0.016008892281827662
0.016716924180488202
0.016248796732310354
0.01537671881539573
0.015364339342388966
0.015364339342388966
0.01537671881539573
0.016248796732310354
0.016716924180488202
0.016767753410216957
0.01537671881539573
0.014991751157943654
0.015137059224446936
0.015137059224446936
0.014991751157943654
0.01537671881539573
0.016767753410216957
0.016237783690230424
0.015364339342388966
0.015137059224446936
0.015235188620788685
0.015235188620788685
0.015137059224446936
0.015364339342388966
0.016237783690230424
0.016237783690230424
0.015364339342388966
0.015137059224446936
0.015235188620788685
0.015235188620788685
0.015137059224446936
0.015364339342388966
0.016237783690230424
0.016767753410216957
0.01537671881539573
0.014991751157943654
0.015137059224446936
0.015137059224446936
0.014991751157943654
0.01537671881539573
0.016767753410216957
0.016716924180488202
0.016248796732310354
0.01537671881539573
0.015364339342388966
0.015364339342388966
0.01537671881539573
0.016248796732310354
0.016716924180488202
0.016008892281827662
0.016716924180488202
0.016767753410216957
0.016237783690230424
0.016237783690230424
0.016767753410216957
0.016716924180488202
0.016008892281827662
0.01588167970716446
0.016693504692611928
0.016716960363673726
0.016294522192266347
0.016294522192266347
0.016716960363673726
0.016693504692611928
0.01588167970716446
0.016693504692611928
0.016264311248566112
0.015322438506037655
0.015433978462205232
0.015433978462205232
0.015322438506037655
0.016264311248566112
0.016693504692611928
0.016716960363673726
0.015322438506037655
0.0149826593018928
0.015103296868566445
0.015103296868566445
0.0149826593018928
0.015322438506037655
0.016716960363673726
0.016294522192266347
0.015433978462205232
0.015103296868566445
0.015197120484347843
0.015197120484347843
0.015103296868566445
0.015433978462205232
0.016294522192266347
0.016294522192266347
0.015433978462205232
0.015103296868566445
0.015197120484347843
0.015197120484347843
0.015103296868566445
0.015433978462205232
0.016294522192266347
0.016716960363673726
0.015322438506037655
0.0149826593018928
0.015103296868566445
0.015103296868566445
0.0149826593018928
0.015322438506037655
0.016716960363673726
0.016693504692611928
0.016264311248566112
0.015322438506037655
0.015433978462205232
0.015433978462205232
0.015322438506037655
0.016264311248566112
0.016693504692611928
0.01588167970716446
0.016693504692611928
0.016716960363673726
0.016294522192266347
0.016294522192266347
0.016716960363673726
0.016693504692611928
0.01588167970716446
0.015775585961264035
0.016627642805899758
0.016639340975281355
0.016336435812240813
0.016336435812240813
0.016639340975281355
0.016627642805899758
0.015775585961264035
0.016627642805899758
0.0162480357260822
0.015287007845481542
0.015505361518870858
0.015505361518870858
0.015287007845481542
0.0162480357260822
0.016627642805899758
0.016639340975281355
0.015287007845481542
0.015002576810055332
0.015085392146138672
0.015085392146138672
0.015002576810055332
0.015287007845481542
0.016639340975281355
0.016336435812240813
0.015505361518870858
0.015085392146138672
0.015175542608401729
0.015175542608401729
0.015085392146138672
0.015505361518870858
0.016336435812240813
0.016336435812240813
0.015505361518870858
0.015085392146138672
0.015175542608401729
0.015175542608401729
0.015085392146138672
0.015505361518870858
0.016336435812240813
0.016639340975281355
0.015287007845481542
0.015002576810055332
0.015085392146138672
0.015085392146138672
0.015002576810055332
0.015287007845481542
0.016639340975281355
0.016627642805899758
0.0162480357260822
0.015287007845481542
0.015505361518870858
0.015505361518870858
0.015287007845481542
0.0162480357260822
0.016627642805899758
0.015775585961264035
0.016627642805899758
0.016639340975281355
0.016336435812240813
0.016336435812240813
0.016639340975281355
0.016627642805899758
0.015775585961264035
0.015687963312137267
0.016529142764624267
0.01654159494693158
0.016364553714153705
0.016364553714153705
0.01654159494693158
0.016529142764624267
0.015687963312137267
0.016529142764624267
0.016206137283684925
0.015267801444112461
0.015577469069070834
0.015577469069070834
0.015267801444112461
0.016206137283684925
0.016529142764624267
0.01654159494693158
0.015267801444112461
0.015046774785311683
0.01508221370537504
0.01508221370537504
0.015046774785311683
0.015267801444112461
0.01654159494693158
0.016364553714153705
0.015577469069070834
0.01508221370537504
0.015168237128179364
0.015168237128179364
0.01508221370537504
0.015577469069070834
0.016364553714153705
0.016364553714153705
0.015577469069070834
0.01508221370537504
0.015168237128179364
0.015168237128179364
0.01508221370537504
0.015577469069070834
0.016364553714153705
0.01654159494693158
0.015267801444112461
0.015046774785311683
0.01508221370537504
0.01508221370537504
0.015046774785311683
0.015267801444112461
0.01654159494693158
0.016529142764624267
0.016206137283684925
0.015267801444112461
0.015577469069070834
0.015577469069070834
0.015267801444112461
0.016206137283684925
0.016529142764624267
0.015687963312137267
0.016529142764624267
0.01654159494693158
0.016364553714153705
0.016364553714153705
0.01654159494693158
0.016529142764624267
0.015687963312137267
0.015616369210740976
0.016406776145090146
0.016429698626455602
0.016379899509362698
0.016379899509362698
0.016429698626455602
0.016406776145090146
0.015616369210740976
0.016406776145090146
0.01614423703430832
0.015262383339854786
0.015649349497352097
0.015649349497352097
0.015262383339854786
0.01614423703430832
0.016406776145090146
0.016429698626455602
0.015262383339854786
0.0151108666441063
0.015092594643589351
0.015092594643589351
0.0151108666441063
0.015262383339854786
0.016429698626455602
0.016379899509362698
0.015649349497352097
0.015092594643589351
0.015173165793749962
0.015173165793749962
0.015092594643589351
0.015649349497352097
0.016379899509362698
0.016379899509362698
0.015649349497352097
0.015092594643589351
0.015173165793749962
0.015173165793749962
0.015092594643589351
0.015649349497352097
0.016379899509362698
0.016429698626455602
0.015262383339854786
0.0151108666441063
0.015092594643589351
0.015092594643589351
0.0151108666441063
0.015262383339854786
0.016429698626455602
0.016406776145090146
0.01614423703430832
0.015262383339854786
0.015649349497352097
0.015649349497352097
0.015262383339854786
0.01614423703430832
0.016406776145090146
0.015616369210740976
0.016406776145090146
0.016429698626455602
0.016379899509362698
0.016379899509362698
0.016429698626455602
0.016406776145090146
0.015616369210740976
0.01555855922322128
0.01626832771144534
0.016308937567858218
0.016383489024135285
0.016383489024135285
0.016308937567858218
0.01626832771144534
0.01555855922322128
0.01626832771144534
0.016067430318207766
0.015268501006186985
0.01572011834179949
0.01572011834179949
0.015268501006186985
0.016067430318207766
0.01626832771144534
0.016308937567858218
0.015268501006186985
0.015190798191076646
0.015115338459081914
0.015115338459081914
0.015190798191076646
0.015268501006186985
0.016308937567858218
0.016383489024135285
0.01572011834179949
0.015115338459081914
0.015188462336040641
0.015188462336040641
0.015115338459081914
0.01572011834179949
0.016383489024135285
0.016383489024135285
0.01572011834179949
0.015115338459081914
0.015188462336040641
0.015188462336040641
0.015115338459081914
0.01572011834179949
0.016383489024135285
0.016308937567858218
0.015268501006186985
0.015190798191076646
0.015115338459081914
0.015115338459081914
0.015190798191076646
0.015268501006186985
0.016308937567858218
0.01626832771144534
0.016067430318207766
0.015268501006186985
0.01572011834179949
0.01572011834179949
0.015268501006186985
0.016067430318207766
0.01626832771144534
0.01555855922322128
0.01626832771144534
0.016308937567858218
0.016383489024135285
0.016383489024135285
0.016308937567858218
0.01626832771144534
0.01555855922322128
0.015512479963156937
0.016120641271492146
0.01618393909155194
0.016376328067200817
0.016376328067200817
0.01618393909155194
0.016120641271492146
0.015512479963156937
0.016120641271492146
0.015980306936173676
0.015284079360156397
0.015788957619711677
0.015788957619711677
0.015284079360156397
0.015980306936173676
0.016120641271492146
0.01618393909155194
0.015284079360156397
0.015282837693682197
0.015149225003023663
0.015149225003023663
0.015282837693682197
0.015284079360156397
0.01618393909155194
0.016376328067200817
0.015788957619711677
0.015149225003023663
0.015212424832854163
0.015212424832854163
0.015149225003023663
0.015788957619711677
0.016376328067200817
0.016376328067200817
0.015788957619711677
0.015149225003023663
0.015212424832854163
0.015212424832854163
0.015149225003023663
0.015788957619711677
0.016376328067200817
0.01618393909155194
0.015284079360156397
0.015282837693682197
0.015149225003023663
0.015149225003023663
0.015282837693682197
0.015284079360156397
0.01618393909155194
0.016120641271492146
0.015980306936173676
0.015284079360156397
0.015788957619711677
0.015788957619711677
0.015284079360156397
0.015980306936173676
0.016120641271492146
0.015512479963156937
0.016120641271492146
0.01618393909155194
0.016376328067200817
0.016376328067200817
0.01618393909155194
0.016120641271492146
0.015512479963156937
0.01547626202380271
0.015969665532498366
0.016058704844591123
0.01635941019730251
0.01635941019730251
0.016058704844591123
0.015969665532498366
0.01547626202380271
0.015969665532498366
0.01588697138274513
0.015307214770394015
0.01585511515327711
0.01585511515327711
0.015307214770394015
0.01588697138274513
0.015969665532498366
0.016058704844591123
0.015307214770394015
0.015383565956833434
0.015193016431340278
0.015193016431340278
0.015383565956833434
0.015307214770394015
0.016058704844591123
0.01635941019730251
0.01585511515327711
0.015193016431340278
0.015243508074886641
0.015243508074886641
0.015193016431340278
0.01585511515327711
0.01635941019730251
0.01635941019730251
0.01585511515327711
0.015193016431340278
0.015243508074886641
0.015243508074886641
0.015193016431340278
0.01585511515327711
0.01635941019730251
0.016058704844591123
0.015307214770394015
0.015383565956833434
0.015193016431340278
0.015193016431340278
0.015383565956833434
0.015307214770394015
0.016058704844591123
0.015969665532498366
0.01588697138274513
0.015307214770394015
0.01585511515327711
0.01585511515327711
0.015307214770394015
0.01588697138274513
0.015969665532498366
0.01547626202380271
0.015969665532498366
0.016058704844591123
0.01635941019730251
0.01635941019730251
0.016058704844591123
0.015969665532498366
0.01547626202380271
0.015448212910332717
0.015820499957008405
0.01593664336090608
0.01633371449074949
0.01633371449074949
0.01593664336090608
0.015820499957008405
0.015448212910332717
0.015820499957008405
0.015791063079423528
0.015336169065129272
0.015917903895249937
0.015917903895249937
0.015336169065129272
0.015791063079423528
0.015820499957008405
0.01593664336090608
0.015336169065129272
0.015489866397520853
0.015245463156596308
0.015245463156596308
0.015489866397520853
0.015336169065129272
0.01593664336090608
0.01633371449074949
0.015917903895249937
0.015245463156596308
0.015280315931745277
0.015280315931745277
0.015245463156596308
0.015917903895249937
0.01633371449074949
0.01633371449074949
0.015917903895249937
0.015245463156596308
0.015280315931745277
0.015280315931745277
0.015245463156596308
0.015917903895249937
0.01633371449074949
0.01593664336090608
0.015336169065129272
0.015489866397520853
0.015245463156596308
0.015245463156596308
0.015489866397520853
0.015336169065129272
0.01593664336090608
0.015820499957008405
0.015791063079423528
0.015336169065129272
0.015917903895249937
0.015917903895249937
0.015336169065129272
0.015791063079423528
0.015820499957008405
0.015448212910332717
0.015820499957008405
0.01593664336090608
0.01633371449074949
0.01633371449074949
0.01593664336090608
0.015820499957008405
0.015448212910332717
0.015426809972083783
0.01567744061865441
0.015820602621537214
0.0163002033089688
0.0163002033089688
0.015820602621537214
0.01567744061865441
0.015426809972083783
0.01567744061865441
0.01569577660788625
0.01536936354020481
0.015976701254625976
0.015976701254625976
0.01536936354020481
0.01569577660788625
0.01567744061865441
0.015820602621537214
0.01536936354020481
0.01559891511944395
0.015305309799879293
0.015305309799879293
0.01559891511944395
0.01536936354020481
0.015820602621537214
0.0163002033089688
0.015976701254625976
0.015305309799879293
0.01532159371796608
0.01532159371796608
0.015305309799879293
0.015976701254625976
0.0163002033089688
0.0163002033089688
0.015976701254625976
0.015305309799879293
0.01532159371796608
0.01532159371796608
0.015305309799879293
0.015976701254625976
0.0163002033089688
0.015820602621537214
0.01536936354020481
0.01559891511944395
0.015305309799879293
0.015305309799879293
0.01559891511944395
0.01536936354020481
0.015820602621537214
0.01567744061865441
0.01569577660788625
0.01536936354020481
0.015976701254625976
0.015976701254625976
0.01536936354020481
0.01569577660788625
0.01567744061865441
0.015426809972083783
0.01567744061865441
0.015820602621537214
0.0163002033089688
0.0163002033089688
0.015820602621537214
0.01567744061865441
0.015426809972083783
0.015410693334798794
0.015544026057967394
0.01571290261486912
0.016259820066057445
0.016259820066057445
0.01571290261486912
0.015544026057967394
0.015410693334798794
0.015544026057967394
0.015603881943200303
0.015405372967091274
0.016030948422318617
0.016030948422318617
0.015405372967091274
0.015603881943200303
0.015544026057967394
0.01571290261486912
0.015405372967091274
0.01570817098764023
0.015371301142683884
0.015371301142683884
0.01570817098764023
0.015405372967091274
0.01571290261486912
0.016259820066057445
0.016030948422318617
0.015371301142683884
0.015366220559031592
0.015366220559031592
0.015371301142683884
0.016030948422318617
0.016259820066057445
0.016259820066057445
0.016030948422318617
0.015371301142683884
0.015366220559031592
0.015366220559031592
0.015371301142683884
0.016030948422318617
0.016259820066057445
0.01571290261486912
0.015405372967091274
0.01570817098764023
0.015371301142683884
0.015371301142683884
0.01570817098764023
0.015405372967091274
0.01571290261486912
0.015544026057967394
0.015603881943200303
0.015405372967091274
0.016030948422318617
0.016030948422318617
0.015405372967091274
0.015603881943200303
0.015544026057967394
0.015410693334798794
0.015544026057967394
0.01571290261486912
0.016259820066057445
0.016259820066057445
0.01571290261486912
0.015544026057967394
0.015410693334798794
0.015398658832870062
0.015423083138188349
0.01561536789686475
0.016213486996334403
0.016213486996334403
0.01561536789686475
0.015423083138188349
0.015398658832870062
0.015423083138188349
0.015517744687035989
0.015442919600902084
0.0160801496968348
0.0160801496968348
0.015442919600902084
0.015517744687035989
0.015423083138188349
0.01561536789686475
0.015442919600902084
0.0158153657031142
0.015442188078795967
0.015442188078795967
0.0158153657031142
0.015442919600902084
0.01561536789686475
0.016213486996334403
0.0160801496968348
0.015442188078795967
0.015413201757388605
0.015413201757388605
0.015442188078795967
0.0160801496968348
0.016213486996334403
0.016213486996334403
0.0160801496968348
0.015442188078795967
0.015413201757388605
0.015413201757388605
0.015442188078795967
0.0160801496968348
0.016213486996334403
0.01561536789686475
0.015442919600902084
0.0158153657031142
0.015442188078795967
0.015442188078795967
0.0158153657031142
0.015442919600902084
0.01561536789686475
0.015423083138188349
0.015517744687035989
0.015442919600902084
0.0160801496968348
0.0160801496968348
0.015442919600902084
0.015517744687035989
0.015423083138188349
0.015398658832870062
0.015423083138188349
0.01561536789686475
0.016213486996334403
0.016213486996334403
0.01561536789686475
0.015423083138188349
0.015398658832870062
0.015389650941582662
0.015316772901079374
0.015529360151299479
0.01616210292189265
0.01616210292189265
0.015529360151299479
0.015316772901079374
0.015389650941582662
0.015316772901079374
0.015439346300880535
0.015480867188408227
0.01612387180995092
0.01612387180995092
0.015480867188408227
0.015439346300880535
0.015316772901079374
0.015529360151299479
0.015480867188408227
0.01591849387746637
0.015516733566176784
0.015516733566176784
0.01591849387746637
0.015480867188408227
0.015529360151299479
0.01616210292189265
0.01612387180995092
0.015516733566176784
0.015461661158465898
0.015461661158465898
0.015516733566176784
0.01612387180995092
0.01616210292189265
0.01616210292189265
0.01612387180995092
0.015516733566176784
0.015461661158465898
0.015461661158465898
0.015516733566176784
0.01612387180995092
0.01616210292189265
0.015529360151299479
0.015480867188408227
0.01591849387746637
0.015516733566176784
0.015516733566176784
0.01591849387746637
0.015480867188408227
0.015529360151299479
0.015316772901079374
0.015439346300880535
0.015480867188408227
0.01612387180995092
0.01612387180995092
0.015480867188408227
0.015439346300880535
0.015316772901079374
0.015389650941582662
0.015316772901079374
0.015529360151299479
0.01616210292189265
0.01616210292189265
0.015529360151299479
0.015316772901079374
0.015389650941582662
0.015382755709357796
0.015226636422734809
0.015455810749995282
0.016106541020151206
0.016106541020151206
0.015455810749995282
0.015226636422734809
0.015382755709357796
0.015226636422734809
0.015370304339251765
0.015518214976053027
0.016161743252388783
0.016161743252388783
0.015518214976053027
0.015370304339251765
0.015226636422734809
0.015455810749995282
0.015518214976053027
0.016015803107522247
0.01559371857884705
0.01559371857884705
0.016015803107522247
0.015518214976053027
0.015455810749995282
0.016106541020151206
0.016161743252388783
0.01559371857884705
0.01551083351669195
0.01551083351669195
0.01559371857884705
0.016161743252388783
0.016106541020151206
0.016106541020151206
0.016161743252388783
0.01559371857884705
0.01551083351669195
0.01551083351669195
0.01559371857884705
0.016161743252388783
0.016106541020151206
0.015455810749995282
0.015518214976053027
0.016015803107522247
0.01559371857884705
0.01559371857884705
0.016015803107522247
0.015518214976053027
0.015455810749995282
0.015226636422734809
0.015370304339251765
0.015518214976053027
0.016161743252388783
0.016161743252388783
0.015518214976053027
0.015370304339251765
0.015226636422734809
0.015382755709357796
0.015226636422734809
0.015455810749995282
0.016106541020151206
0.016106541020151206
0.015455810749995282
0.015226636422734809
0.015382755709357796
0.015377193689996148
0.015153640669392336
0.015395253313054809
0.016047646591407134
0.016047646591407134
0.015395253313054809
0.015153640669392336
0.015377193689996148
0.015153640669392336
0.015311892682911742
0.015554091717966931
0.016193453599491547
0.016193453599491547
0.015554091717966931
0.015311892682911742
0.015153640669392336
0.015395253313054809
0.015554091717966931
0.01610578404996133
0.015671948058771083
0.015671948058771083
0.01610578404996133
0.015554091717966931
0.015395253313054809
0.016047646591407134
0.016193453599491547
0.015671948058771083
0.01556005686151267
0.01556005686151267
0.015671948058771083
0.016193453599491547
0.016047646591407134
0.016047646591407134
0.016193453599491547
0.015671948058771083
0.01556005686151267
0.01556005686151267
0.015671948058771083
0.016193453599491547
0.016047646591407134
0.015395253313054809
0.015554091717966931
0.01610578404996133
0.015671948058771083
0.015671948058771083
0.01610578404996133
0.015554091717966931
0.015395253313054809
0.015153640669392336
0.015311892682911742
0.015554091717966931
0.016193453599491547
0.016193453599491547
0.015554091717966931
0.015311892682911742
0.015153640669392336
0.015377193689996148
0.015153640669392336
0.015395253313054809
0.016047646591407134
0.016047646591407134
0.015395253313054809
0.015153640669392336
0.015377193689996148
0.015372312874921235
0.015098224353244127
0.015347856269095548
0.015986234826387585
0.015986234826387585
0.015347856269095548
0.015098224353244127
0.015372312874921235
0.015098224353244127
0.015265061772080429
0.015587749683982292
0.016218752836899657
0.016218752836899657
0.015587749683982292
0.015265061772080429
0.015098224353244127
0.015347856269095548
0.015587749683982292
0.01618716049594613
0.015750256867740925
0.015750256867740925
0.01618716049594613
0.015587749683982292
0.015347856269095548
0.015986234826387585
0.016218752836899657
0.015750256867740925
0.01560876486340912
0.01560876486340912
0.015750256867740925
0.016218752836899657
0.015986234826387585
0.015986234826387585
0.016218752836899657
0.015750256867740925
0.01560876486340912
0.01560876486340912
0.015750256867740925
0.016218752836899657
0.015986234826387585
0.015347856269095548
0.015587749683982292
0.01618716049594613
0.015750256867740925
0.015750256867740925
0.01618716049594613
0.015587749683982292
0.015347856269095548
0.015098224353244127
0.015265061772080429
0.015587749683982292
0.016218752836899657
0.016218752836899657
0.015587749683982292
0.015265061772080429
0.015098224353244127
0.015372312874921235
0.015098224353244127
0.015347856269095548
0.015986234826387585
0.015986234826387585
0.015347856269095548
0.015098224353244127
0.015372312874921235
0.01536758162542276
0.01506034378824796
0.015313455415483925
0.01592308857380182
0.01592308857380182
0.015313455415483925
0.01506034378824796
0.01536758162542276
0.01506034378824796
0.015230458839649337
0.01561855866764815
0.016237450686226777
0.016237450686226777
0.01561855866764815
0.015230458839649337
0.01506034378824796
0.015313455415483925
0.01561855866764815
0.01625887944575114
0.015827515739260452
0.015827515739260452
0.01625887944575114
0.01561855866764815
0.015313455415483925
0.01592308857380182
0.016237450686226777
0.015827515739260452
0.01565647919991523
0.01565647919991523
0.015827515739260452
0.016237450686226777
0.01592308857380182
0.01592308857380182
0.016237450686226777
0.015827515739260452
0.01565647919991523
0.01565647919991523
0.015827515739260452
0.016237450686226777
0.01592308857380182
0.015313455415483925
0.01561855866764815
0.01625887944575114
0.015827515739260452
0.015827515739260452
0.01625887944575114
0.01561855866764815
0.015313455415483925
0.01506034378824796
0.015230458839649337
0.01561855866764815
0.016237450686226777
0.016237450686226777
0.01561855866764815
0.015230458839649337
0.01506034378824796
0.01536758162542276
0.01506034378824796
0.015313455415483925
0.01592308857380182
0.01592308857380182
0.015313455415483925
0.01506034378824796
0.01536758162542276
0.01536258160489997
0.015039518745938318
0.015291586478569427
0.01585895610789323
0.01585895610789323
0.015291586478569427
0.015039518745938318
0.01536258160489997
0.015039518745938318
0.015208448144395183
0.01564599999424501
0.016249415930735745
0.016249415930735745
0.01564599999424501
0.015208448144395183
0.015039518745938318
0.015291586478569427
0.01564599999424501
0.01632010118339184
0.015902637230429506
0.015902637230429506
0.01632010118339184
0.01564599999424501
0.015291586478569427
0.01585895610789323
0.016249415930735745
0.015902637230429506
0.015702801921635545
0.015702801921635545
0.015902637230429506
0.016249415930735745
0.01585895610789323
0.01585895610789323
0.016249415930735745
0.015902637230429506
0.015702801921635545
0.015702801921635545
0.015902637230429506
0.016249415930735745
0.01585895610789323
0.015291586478569427
0.01564599999424501
0.01632010118339184
0.015902637230429506
0.015902637230429506
0.01632010118339184
0.01564599999424501
0.015291586478569427
0.015039518745938318
0.015208448144395183
0.01564599999424501
0.016249415930735745
0.016249415930735745
0.01564599999424501
0.015208448144395183
0.015039518745938318
0.01536258160489997
0.015039518745938318
0.015291586478569427
0.01585895610789323
0.01585895610789323
0.015291586478569427
0.015039518745938318
0.01536258160489997
0.015357000711105006
0.015034878311237558
0.015281517673918731
0.015794548895991363
0.015794548895991363
0.015281517673918731
0.015034878311237558
0.015357000711105006
0.015034878311237558
0.015199131204193535
0.015669660528799628
0.0162545757410145
0.0162545757410145
0.015669660528799628
0.015199131204193535
0.015034878311237558
0.015281517673918731
0.015669660528799628
0.01637018935125371
0.01597458167382802
0.01597458167382802
0.01637018935125371
0.015669660528799628
0.015281517673918731
0.015794548895991363
0.0162545757410145
0.01597458167382802
0.015747407818262924
0.015747407818262924
0.01597458167382802
0.0162545757410145
0.015794548895991363
0.015794548895991363
0.0162545757410145
0.01597458167382802
0.015747407818262924
0.015747407818262924
0.01597458167382802
0.0162545757410145
0.015794548895991363
0.015281517673918731
0.015669660528799628
0.01637018935125371
0.01597458167382802
0.01597458167382802
0.01637018935125371
0.015669660528799628
0.015281517673918731
0.015034878311237558
0.015199131204193535
0.015669660528799628
0.0162545757410145
0.0162545757410145
0.015669660528799628
0.015199131204193535
0.015034878311237558
0.015357000711105006
0.015034878311237558
0.015281517673918731
0.015794548895991363
0.015794548895991363
0.015281517673918731
0.015034878311237558
0.015357000711105006
0.015350626008386258
0.015045206738267002
0.015282282266549827
0.015730539366063955
0.015730539366063955
0.015282282266549827
0.015045206738267002
0.015350626008386258
0.015045206738267002
0.015202367029232472
0.015689226684099784
0.01625291500065202
0.01625291500065202
0.015689226684099784
0.015202367029232472
0.015045206738267002
0.015282282266549827
0.015689226684099784
0.016408701024721223
0.01604236312940013
0.01604236312940013
0.016408701024721223
0.015689226684099784
0.015282282266549827
0.015730539366063955
0.01625291500065202
0.01604236312940013
0.015790036784596277
0.015790036784596277
0.01604236312940013
0.01625291500065202
0.015730539366063955
0.015730539366063955
0.01625291500065202
0.01604236312940013
0.015790036784596277
0.015790036784596277
0.01604236312940013
0.01625291500065202
0.015730539366063955
0.015282282266549827
0.015689226684099784
0.016408701024721223
0.01604236312940013
0.01604236312940013
0.016408701024721223
0.015689226684099784
0.015282282266549827
0.015045206738267002
0.015202367029232472
0.015689226684099784
0.01625291500065202
0.01625291500065202
0.015689226684099784
0.015202367029232472
0.015045206738267002
0.015350626008386258
0.015045206738267002
0.015282282266549827
0.015730539366063955
0.015730539366063955
0.015282282266549827
0.015045206738267002
0.015350626008386258
0.015343336659931726
0.01506898930615806
0.01529271113116615
0.015667558674268958
0.015667558674268958
0.01529271113116615
0.01506898930615806
0.015343336659931726
0.01506898930615806
0.015217792355226243
0.01570447842870908
0.016244475631914276
0.016244475631914276
0.01570447842870908
0.015217792355226243
0.01506898930615806
0.01529271113116615
0.01570447842870908
0.016435376786806823
0.016105055336338298
0.016105055336338298
0.016435376786806823
0.01570447842870908
0.01529271113116615
0.015667558674268958
0.016244475631914276
0.016105055336338298
0.015830486186558284
0.015830486186558284
0.016105055336338298
0.016244475631914276
0.015667558674268958
0.015667558674268958
0.016244475631914276
0.016105055336338298
0.015830486186558284
0.015830486186558284
0.016105055336338298
0.016244475631914276
0.015667558674268958
0.01529271113116615
0.01570447842870908
0.016435376786806823
0.016105055336338298
0.016105055336338298
0.016435376786806823
0.01570447842870908
0.01529271113116615
0.01506898930615806
0.015217792355226243
0.01570447842870908
0.016244475631914276
0.016244475631914276
0.01570447842870908
0.015217792355226243
0.01506898930615806
0.015343336659931726
0.01506898930615806
0.01529271113116615
0.015667558674268958
0.015667558674268958
0.01529271113116615
0.01506898930615806
0.015343336659931726
0.01533509686001236
0.015104458174863382
0.01531146531239066
0.015606194472506555
0.015606194472506555
0.01531146531239066
0.015104458174863382
0.01533509686001236
0.015104458174863382
0.0152448418766289
0.0157152832949817
0.016229355921420153
0.016229355921420153
0.0157152832949817
0.0152448418766289
0.015104458174863382
0.01531146531239066
0.0157152832949817
0.01645013080277995
0.016161797664967444
0.016161797664967444
0.01645013080277995
0.0157152832949817
0.01531146531239066
0.015606194472506555
0.016229355921420153
0.016161797664967444
0.015868603227213125
0.015868603227213125
0.016161797664967444
0.016229355921420153
0.015606194472506555
0.015606194472506555
0.016229355921420153
0.016161797664967444
0.015868603227213125
0.015868603227213125
0.016161797664967444
0.016229355921420153
0.015606194472506555
0.01531146531239066
0.0157152832949817
0.01645013080277995
0.016161797664967444
0.016161797664967444
0.01645013080277995
0.0157152832949817
0.01531146531239066
0.015104458174863382
0.0152448418766289
0.0157152832949817
0.016229355921420153
0.016229355921420153
0.0157152832949817
0.0152448418766289
0.015104458174863382
0.01533509686001236
0.015104458174863382
0.01531146531239066
0.015606194472506555
0.015606194472506555
0.01531146531239066
0.015104458174863382
0.01533509686001236
0.015325948766225422
0.015149638240967931
0.015337068585000025
0.015546988675971195
0.015546988675971195
0.015337068585000025
0.015149638240967931
0.015325948766225422
0.015149638240967931
0.015282768479847976
0.015721590387077204
0.016207709845817403
0.016207709845817403
0.015721590387077204
0.015282768479847976
0.015149638240967931
0.015337068585000025
0.015721590387077204
0.016453040894796028
0.016211801068629055
0.016211801068629055
0.016453040894796028
0.015721590387077204
0.015337068585000025
0.015546988675971195
0.016207709845817403
0.016211801068629055
0.015904277312784206
0.015904277312784206
0.016211801068629055
0.016207709845817403
0.015546988675971195
0.015546988675971195
0.016207709845817403
0.016211801068629055
0.015904277312784206
0.015904277312784206
0.016211801068629055
0.016207709845817403
0.015546988675971195
0.015337068585000025
0.015721590387077204
0.016453040894796028
0.016211801068629055
0.016211801068629055
0.016453040894796028
0.015721590387077204
0.015337068585000025
0.015149638240967931
0.015282768479847976
0.015721590387077204
0.016207709845817403
0.016207709845817403
0.015721590387077204
0.015282768479847976
0.015149638240967931
0.015325948766225422
0.015149638240967931
0.015337068585000025
0.015546988675971195
0.015546988675971195
0.015337068585000025
0.015149638240967931
0.015325948766225422
0.01531600543173786
0.015202392993500183
0.015367940014158704
0.015490435230703616
0.015490435230703616
0.015367940014158704
0.015202392993500183
0.01531600543173786
0.015202392993500183
0.015330663476458123
0.015723424388975313
0.01617974639745857
0.01617974639745857
0.015723424388975313
0.015330663476458123
0.015202392993500183
0.015367940014158704
0.015723424388975313
0.01644433861652545
0.016254354035565317
0.016254354035565317
0.01644433861652545
0.015723424388975313
0.015367940014158704
0.015490435230703616
0.01617974639745857
0.016254354035565317
0.015937432418671866
0.015937432418671866
0.016254354035565317
0.01617974639745857
0.015490435230703616
0.015490435230703616
0.01617974639745857
0.016254354035565317
0.015937432418671866
0.015937432418671866
0.016254354035565317
0.01617974639745857
0.015490435230703616
0.015367940014158704
0.015723424388975313
0.01644433861652545
0.016254354035565317
0.016254354035565317
0.01644433861652545
0.015723424388975313
0.015367940014158704
0.015202392993500183
0.015330663476458123
0.015723424388975313
0.01617974639745857
0.01617974639745857
0.015723424388975313
0.015330663476458123
0.015202392993500183
0.01531600543173786
0.015202392993500183
0.015367940014158704
0.015490435230703616
0.015490435230703616
0.015367940014158704
0.015202392993500183
0.01531600543173786
0.015305443737529605
0.015260470369743153
0.015402426515653078
0.015436977881142868
0.015436977881142868
0.015402426515653078
0.015260470369743153
0.015305443737529605
0.015260470369743153
0.015387476836414745
0.01572087957249068
0.01614572891007695
0.01614572891007695
0.01572087957249068
0.015387476836414745
0.015260470369743153
0.015402426515653078
0.01572087957249068
0.01642439932778261
0.01628882854080322
0.01628882854080322
0.01642439932778261
0.01572087957249068
0.015402426515653078
0.015436977881142868
0.01614572891007695
0.01628882854080322
0.01596801945547112
0.01596801945547112
0.01628882854080322
0.01614572891007695
0.015436977881142868
0.015436977881142868
0.01614572891007695
0.01628882854080322
0.01596801945547112
0.01596801945547112
0.01628882854080322
0.01614572891007695
0.015436977881142868
0.015402426515653078
0.01572087957249068
0.01642439932778261
0.01628882854080322
0.01628882854080322
0.01642439932778261
0.01572087957249068
0.015402426515653078
0.015260470369743153
0.015387476836414745
0.01572087957249068
0.01614572891007695
0.01614572891007695
0.01572087957249068
0.015387476836414745
0.015260470369743153
0.015305443737529605
0.015260470369743153
0.015402426515653078
0.015436977881142868
0.015436977881142868
0.015402426515653078
0.015260470369743153
0.015305443737529605
0.015294497324637004
0.015321548611045607
0.015438835416125571
0.015387007937678346
0.015387007937678346
0.015438835416125571
0.015321548611045607
0.015294497324637004
0.015321548611045607
0.015452037421267734
0.01571411380528768
0.016105974384462502
0.016105974384462502
0.01571411380528768
0.015452037421267734
0.015321548611045607
0.015438835416125571
0.01571411380528768
0.016393732269154866
0.01631468599803871
0.01631468599803871
0.016393732269154866
0.01571411380528768
0.015438835416125571
0.015387007937678346
0.016105974384462502
0.01631468599803871
0.015996008634989373
0.015996008634989373
0.01631468599803871
0.016105974384462502
0.015387007937678346
0.015387007937678346
0.016105974384462502
0.01631468599803871
0.015996008634989373
0.015996008634989373
0.01631468599803871
0.016105974384462502
0.015387007937678346
0.015438835416125571
0.01571411380528768
0.016393732269154866
0.01631468599803871
0.01631468599803871
0.016393732269154866
0.01571411380528768
0.015438835416125571
0.015321548611045607
0.015452037421267734
0.01571411380528768
0.016105974384462502
0.016105974384462502
0.01571411380528768
0.015452037421267734
0.015321548611045607
0.015294497324637004
0.015321548611045607
0.015438835416125571
0.015387007937678346
0.015387007937678346
0.015438835416125571
0.015321548611045607
0.015294497324637004
0.0152834495263961
0.015383282118633141
0.015475467013308803
0.01534086204420181
0.01534086204420181
0.015475467013308803
0.015383282118633141
0.0152834495263961
0.015383282118633141
0.015523073217374995
0.01570334255889517
0.01606085281413782
0.01606085281413782
0.01570334255889517
0.015523073217374995
0.015383282118633141
0.015475467013308803
0.01570334255889517
0.01635297063663154
0.016331483211520774
0.016331483211520774
0.01635297063663154
0.01570334255889517
0.015475467013308803
0.01534086204420181
0.01606085281413782
0.016331483211520774
0.016021381836264156
0.016021381836264156
0.016331483211520774
0.01606085281413782
0.01534086204420181
0.01534086204420181
0.01606085281413782
0.016331483211520774
0.016021381836264156
0.016021381836264156
0.016331483211520774
0.01606085281413782
0.01534086204420181
0.015475467013308803
0.01570334255889517
0.01635297063663154
0.016331483211520774
0.016331483211520774
0.01635297063663154
0.01570334255889517
0.015475467013308803
0.015383282118633141
0.015523073217374995
0.01570334255889517
0.01606085281413782
0.01606085281413782
0.01570334255889517
0.015523073217374995
0.015383282118633141
0.0152834495263961
0.015383282118633141
0.015475467013308803
0.01534086204420181
0.01534086204420181
0.015475467013308803
0.015383282118633141
0.0152834495263961
0.015272626300686038
0.01544334730941931
0.015510647136259654
0.015298819945659414
0.015298819945659414
0.015510647136259654
0.01544334730941931
0.015272626300686038
0.01544334730941931
0.015599231569116212
0.015688832916721317
0.016010786511034044
0.016010786511034044
0.015688832916721317
0.015599231569116212
0.01544334730941931
0.015510647136259654
0.015688832916721317
0.016302861656232952
0.016338878327935593
0.016338878327935593
0.016302861656232952
0.015688832916721317
0.015510647136259654
0.015298819945659414
0.016010786511034044
0.016338878327935593
0.01604412497158082
0.01604412497158082
0.016338878327935593
0.016010786511034044
0.015298819945659414
0.015298819945659414
0.016010786511034044
0.016338878327935593
0.01604412497158082
0.01604412497158082
0.016338878327935593
0.016010786511034044
0.015298819945659414
0.015510647136259654
0.015688832916721317
0.016302861656232952
0.016338878327935593
0.016338878327935593
0.016302861656232952
0.015688832916721317
0.015510647136259654
0.01544334730941931
0.015599231569116212
0.015688832916721317
0.016010786511034044
0.016010786511034044
0.015688832916721317
0.015599231569116212
0.01544334730941931
0.015272626300686038
0.01544334730941931
0.015510647136259654
0.015298819945659414
0.015298819945659414
0.015510647136259654
0.01544334730941931
0.015272626300686038
0.015262389162172391
0.015499488471816746
0.015542759705593425
0.01526110225560373
0.01526110225560373
0.015542759705593425
0.015499488471816746
0.015262389162172391
0.015499488471816746
0.015679099412106448
0.015670897582068324
0.015956249431166816
0.015956249431166816
0.015670897582068324
0.015679099412106448
0.015499488471816746
0.015542759705593425
0.015670897582068324
0.016244256658639374
0.016336636788290643
0.016336636788290643
0.016244256658639374
0.015670897582068324
0.015542759705593425
0.01526110225560373
0.015956249431166816
0.016336636788290643
0.01606422035249031
0.01606422035249031
0.016336636788290643
0.015956249431166816
0.01526110225560373
0.01526110225560373
0.015956249431166816
0.016336636788290643
0.01606422035249031
0.01606422035249031
0.016336636788290643
0.015956249431166816
0.01526110225560373
0.015542759705593425
0.015670897582068324
0.016244256658639374
0.016336636788290643
0.016336636788290643
0.016244256658639374
0.015670897582068324
0.015542759705593425
0.015499488471816746
0.015679099412106448
0.015670897582068324
0.015956249431166816
0.015956249431166816
0.015670897582068324
0.015679099412106448
0.015499488471816746
0.015262389162172391
0.015499488471816746
0.015542759705593425
0.01526110225560373
0.01526110225560373
0.015542759705593425
0.015499488471816746
0.015262389162172391
0.015253128114550527
0.015549563621548315
0.015570279293717954
0.015227868223745774
0.015227868223745774
0.015570279293717954
0.015549563621548315
0.015253128114550527
0.015549563621548315
0.015761223506409804
0.015649888886147253
0.015897766500312212
0.015897766500312212
0.015649888886147253
0.015761223506409804
0.015549563621548315
0.015570279293717954
0.015649888886147253
0.016178101153820082
0.016324637279798822
0.016324637279798822
0.016178101153820082
0.015649888886147253
0.015570279293717954
0.015227868223745774
0.015897766500312212
0.016324637279798822
0.01608163905582683
0.01608163905582683
0.016324637279798822
0.015897766500312212
0.015227868223745774
0.015227868223745774
0.015897766500312212
0.016324637279798822
0.01608163905582683
0.01608163905582683
0.016324637279798822
0.015897766500312212
0.015227868223745774
0.015570279293717954
0.015649888886147253
0.016178101153820082
0.016324637279798822
0.016324637279798822
0.016178101153820082
0.015649888886147253
0.015570279293717954
0.015549563621548315
0.015761223506409804
0.015649888886147253
0.015897766500312212
0.015897766500312212
0.015649888886147253
0.015761223506409804
0.015549563621548315
0.015253128114550527
0.015549563621548315
0.015570279293717954
0.015227868223745774
0.015227868223745774
0.015570279293717954
0.015549563621548315
0.015253128114550527
0.01524525458278895
0.015591590357458175
0.015591803685067759
0.015199213503507027
0.015199213503507027
0.015591803685067759
0.015591590357458175
0.01524525458278895
0.015591590357458175
0.015844130669753043
0.015626192796092783
0.01583591293968268
0.01583591293968268
0.015626192796092783
0.015844130669753043
0.015591590357458175
0.015591803685067759
0.015626192796092783
0.01610542490566226
0.016302877687762583
0.016302877687762583
0.01610542490566226
0.015626192796092783
0.015591803685067759
0.015199213503507027
0.01583591293968268
0.016302877687762583
0.016096333289725637
0.016096333289725637
0.016302877687762583
0.01583591293968268
0.015199213503507027
0.015199213503507027
0.01583591293968268
0.016302877687762583
0.016096333289725637
0.016096333289725637
0.016302877687762583
0.01583591293968268
0.015199213503507027
0.015591803685067759
0.015626192796092783
0.01610542490566226
0.016302877687762583
0.016302877687762583
0.01610542490566226
0.015626192796092783
0.015591803685067759
0.015591590357458175
0.015844130669753043
0.015626192796092783
0.01583591293968268
0.01583591293968268
0.015626192796092783
0.015844130669753043
0.015591590357458175
0.01524525458278895
0.015591590357458175
0.015591803685067759
0.015199213503507027
0.015199213503507027
0.015591803685067759
0.015591590357458175
0.01524525458278895
0.015239194345372678
0.015623791717323008
0.015606086436338125
0.015175167919571478
0.015175167919571478
0.015606086436338125
0.015623791717323008
0.015239194345372678
0.015623791717323008
0.015926348010739368
0.015600222922978
0.015771313591602984
0.015771313591602984
0.015600222922978
0.015926348010739368
0.015623791717323008
0.015606086436338125
0.015600222922978
0.01602733200660013
0.016271481047458042
0.016271481047458042
0.01602733200660013
0.015600222922978
0.015606086436338125
0.015175167919571478
0.015771313591602984
0.016271481047458042
0.016108228759640675
0.016108228759640675
0.016271481047458042
0.015771313591602984
0.015175167919571478
0.015175167919571478
0.015771313591602984
0.016271481047458042
0.016108228759640675
0.016108228759640675
0.016271481047458042
0.015771313591602984
0.015175167919571478
0.015606086436338125
0.015600222922978
0.01602733200660013
0.016271481047458042
0.016271481047458042
0.01602733200660013
0.015600222922978
0.015606086436338125
0.015623791717323008
0.015926348010739368
0.015600222922978
0.015771313591602984
0.015771313591602984
0.015600222922978
0.015926348010739368
0.015623791717323008
0.015239194345372678
0.015623791717323008
0.015606086436338125
0.015175167919571478
0.015175167919571478
0.015606086436338125
0.015623791717323008
0.015239194345372678
0.015235380466546577
0.01564464203366297
0.015612069436719242
0.015155693235437633
0.015155693235437633
0.015612069436719242
0.01564464203366297
0.015235380466546577
0.01564464203366297
0.016006423162061866
0.015572414529829182
0.015704642245186147
0.015704642245186147
0.015572414529829182
0.016006423162061866
0.01564464203366297
0.015612069436719242
0.015572414529829182
0.015944990952243818
0.0162307014960191
0.0162307014960191
0.015944990952243818
0.015572414529829182
0.015612069436719242
0.015155693235437633
0.015704642245186147
0.0162307014960191
0.01611721703436239
0.01611721703436239
0.0162307014960191
0.015704642245186147
0.015155693235437633
0.015155693235437633
0.015704642245186147
0.0162307014960191
0.01611721703436239
0.01611721703436239
0.0162307014960191
0.015704642245186147
0.015155693235437633
0.015612069436719242
0.015572414529829182
0.015944990952243818
0.0162307014960191
0.0162307014960191
0.015944990952243818
0.015572414529829182
0.015612069436719242
0.01564464203366297
0.016006423162061866
0.015572414529829182
0.015704642245186147
0.015704642245186147
0.015572414529829182
0.016006423162061866
0.01564464203366297
0.015235380466546577
0.01564464203366297
0.015612069436719242
0.015155693235437633
0.015155693235437633
0.015612069436719242
0.01564464203366297
0.015235380466546577
0.015234246228558705
0.015652912789553053
0.015608915468130322
0.01514068092097054
0.01514068092097054
0.015608915468130322
0.015652912789553053
0.015234246228558705
0.015652912789553053
0.01608294451371737
0.01554321853964056
0.01563662096200937
0.01563662096200937
0.01554321853964056
0.01608294451371737
0.015652912789553053
0.015608915468130322
0.01554321853964056
0.015859624716008457
0.016180930224321575
0.016180930224321575
0.015859624716008457
0.01554321853964056
0.015608915468130322
0.01514068092097054
0.01563662096200937
0.016180930224321575
0.016123147912035396
0.016123147912035396
0.016180930224321575
0.01563662096200937
0.01514068092097054
0.01514068092097054
0.01563662096200937
0.016180930224321575
0.016123147912035396
0.016123147912035396
0.016180930224321575
0.01563662096200937
0.01514068092097054
0.015608915468130322
0.01554321853964056
0.015859624716008457
0.016180930224321575
0.016180930224321575
0.015859624716008457
0.01554321853964056
0.015608915468130322
0.015652912789553053
0.01608294451371737
0.01554321853964056
0.01563662096200937
0.01563662096200937
0.01554321853964056
0.01608294451371737
0.015652912789553053
0.015234246228558705
0.015652912789553053
0.015608915468130322
0.01514068092097054
0.01514068092097054
0.015608915468130322
0.015652912789553053
0.015234246228558705
0.015236218063903703
0.01564771847443393
0.015596040765453732
0.015129949919953834
0.015129949919953834
0.015596040765453732
0.01564771847443393
0.015236218063903703
0.01564771847443393
0.016154561446219975
0.015513095543389144
0.015568019401790003
0.015568019401790003
0.015513095543389144
0.016154561446219975
0.01564771847443393
0.015596040765453732
0.015513095543389144
0.015772500823743124
0.01612270142886732
0.01612270142886732
0.015772500823743124
0.015513095543389144
0.015596040765453732
0.015129949919953834
0.015568019401790003
0.01612270142886732
0.01612582178617622
0.01612582178617622
0.01612270142886732
0.015568019401790003
0.015129949919953834
0.015129949919953834
0.015568019401790003
0.01612270142886732
0.01612582178617622
0.01612582178617622
0.01612270142886732
0.015568019401790003
0.015129949919953834
0.015596040765453732
0.015513095543389144
0.015772500823743124
0.01612270142886732
0.01612270142886732
0.015772500823743124
0.015513095543389144
0.015596040765453732
0.01564771847443393
0.016154561446219975
0.015513095543389144
0.015568019401790003
0.015568019401790003
0.015513095543389144
0.016154561446219975
0.01564771847443393
0.015236218063903703
0.01564771847443393
0.015596040765453732
0.015129949919953834
0.015129949919953834
0.015596040765453732
0.01564771847443393
0.015236218063903703
0.015241708487566116
0.01562856243992337
0.01557314757676913
0.015123244417641733
0.015123244417641733
0.01557314757676913
0.01562856243992337
0.015241708487566116
0.01562856243992337
0.016220004563814755
0.015482509808049445
0.015499654148061455
0.015499654148061455
0.015482509808049445
0.016220004563814755
0.01562856243992337
0.01557314757676913
0.015482509808049445
0.015684921428359845
0.016056698263668324
0.016056698263668324
0.015684921428359845
0.015482509808049445
0.01557314757676913
0.015123244417641733
0.015499654148061455
0.016056698263668324
0.016124982011691026
0.016124982011691026
0.016056698263668324
0.015499654148061455
0.015123244417641733
0.015123244417641733
0.015499654148061455
0.016056698263668324
0.016124982011691026
0.016124982011691026
0.016056698263668324
0.015499654148061455
0.015123244417641733
0.01557314757676913
0.015482509808049445
0.015684921428359845
0.016056698263668324
0.016056698263668324
0.015684921428359845
0.015482509808049445
0.01557314757676913
0.01562856243992337
0.016220004563814755
0.015482509808049445
0.015499654148061455
0.015499654148061455
0.015482509808049445
0.016220004563814755
0.01562856243992337
0.015241708487566116
0.01562856243992337
0.01557314757676913
0.015123244417641733
0.015123244417641733
0.01557314757676913
0.01562856243992337
0.015241708487566116
0.015251109029263757
0.015595382755627107
0.01554025672358753
0.015120231608311094
0.015120231608311094
0.01554025672358753
0.015595382755627107
0.015251109029263757
0.015595382755627107
0.016278105927691397
0.015451923284608303
0.015432388033849153
0.015432388033849153
0.015451923284608303
0.016278105927691397
0.015595382755627107
0.01554025672358753
0.015451923284608303
0.015598213384462604
0.01598375879213088
0.01598375879213088
0.015598213384462604
0.015451923284608303
0.01554025672358753
0.015120231608311094
0.015432388033849153
0.01598375879213088
0.016120307270893322
0.016120307270893322
0.01598375879213088
0.015432388033849153
0.015120231608311094
0.015120231608311094
0.015432388033849153
0.01598375879213088
0.016120307270893322
0.016120307270893322
0.01598375879213088
0.015432388033849153
0.015120231608311094
0.01554025672358753
0.015451923284608303
0.015598213384462604
0.01598375879213088
0.01598375879213088
0.015598213384462604
0.015451923284608303
0.01554025672358753
0.015595382755627107
0.016278105927691397
0.015451923284608303
0.015432388033849153
0.015432388033849153
0.015451923284608303
0.016278105927691397
0.015595382755627107
0.015251109029263757
0.015595382755627107
0.01554025672358753
0.015120231608311094
0.015120231608311094
0.01554025672358753
0.015595382755627107
0.015251109029263757
0.015264783165691066
0.015548598064950105
0.015497740161085538
0.015120499462813426
0.015120499462813426
0.015497740161085538
0.015548598064950105
0.015264783165691066
0.015548598064950105
0.016327819289197812
0.015421789616079639
0.015367129467346462
0.015367129467346462
0.015421789616079639
0.016327819289197812
0.015548598064950105
0.015497740161085538
0.015421789616079639
0.015513718322976395
0.01590488193893965
0.01590488193893965
0.015513718322976395
0.015421789616079639
0.015497740161085538
0.015120499462813426
0.015367129467346462
0.01590488193893965
0.016111403939521728
0.016111403939521728
0.01590488193893965
0.015367129467346462
0.015120499462813426
0.015120499462813426
0.015367129467346462
0.01590488193893965
0.016111403939521728
0.016111403939521728
0.01590488193893965
0.015367129467346462
0.015120499462813426
0.015497740161085538
0.015421789616079639
0.015513718322976395
0.01590488193893965
0.01590488193893965
0.015513718322976395
0.015421789616079639
0.015497740161085538
0.015548598064950105
0.016327819289197812
0.015421789616079639
0.015367129467346462
0.015367129467346462
0.015421789616079639
0.016327819289197812
0.015548598064950105
0.015264783165691066
0.015548598064950105
0.015497740161085538
0.015120499462813426
0.015120499462813426
0.015497740161085538
0.015548598064950105
0.015264783165691066
0.015283059252762472
0.01548915344090766
0.015446353538339298
0.015123554496126908
0.015123554496126908
0.015446353538339298
0.01548915344090766
0.015283059252762472
0.01548915344090766
0.01636824032305391
0.015392548145519278
0.015304831757590646
0.015304831757590646
0.015392548145519278
0.01636824032305391
0.01548915344090766
0.015446353538339298
0.015392548145519278
0.015432782725776072
0.015821233441941845
0.015821233441941845
0.015432782725776072
0.015392548145519278
0.015446353538339298
0.015123554496126908
0.015304831757590646
0.015821233441941845
0.016097798452757637
0.016097798452757637
0.015821233441941845
0.015304831757590646
0.015123554496126908
0.015123554496126908
0.015304831757590646
0.015821233441941845
0.016097798452757637
0.016097798452757637
0.015821233441941845
0.015304831757590646
0.015123554496126908
0.015446353538339298
0.015392548145519278
0.015432782725776072
0.015821233441941845
0.015821233441941845
0.015432782725776072
0.015392548145519278
0.015446353538339298
0.01548915344090766
0.01636824032305391
0.015392548145519278
0.015304831757590646
0.015304831757590646
0.015392548145519278
0.01636824032305391
0.01548915344090766
0.015283059252762472
0.01548915344090766
0.015446353538339298
0.015123554496126908
0.015123554496126908
0.015446353538339298
0.01548915344090766
0.015283059252762472
0.015306223457855716
0.01541856624193651
0.015387268758558796
0.015128819534908428
0.015128819534908428
0.015387268758558796
0.01541856624193651
0.015306223457855716
0.01541856624193651
0.01639862686056511
0.015364617924039658
0.01524649244013879
0.01524649244013879
0.015364617924039658
0.01639862686056511
0.01541856624193651
0.015387268758558796
0.015364617924039658
0.01535674800031553
0.01573415180403129
0.01573415180403129
0.01535674800031553
0.015364617924039658
0.015387268758558796
0.015128819534908428
0.01524649244013879
0.01573415180403129
0.01607892967124298
0.01607892967124298
0.01573415180403129
0.01524649244013879
0.015128819534908428
0.015128819534908428
0.01524649244013879
0.01573415180403129
0.01607892967124298
0.01607892967124298
0.01573415180403129
0.01524649244013879
0.015128819534908428
0.015387268758558796
0.015364617924039658
0.01535674800031553
0.01573415180403129
0.01573415180403129
0.01535674800031553
0.015364617924039658
0.015387268758558796
0.01541856624193651
0.01639862686056511
0.015364617924039658
0.01524649244013879
0.01524649244013879
0.015364617924039658
0.01639862686056511
0.01541856624193651
0.015306223457855716
0.01541856624193651
0.015387268758558796
0.015128819534908428
0.015128819534908428
0.015387268758558796
0.01541856624193651
0.015306223457855716
0.01533451269205523
0.015338971967705943
0.01532210653932183
0.015135631485045601
0.015135631485045601
0.01532210653932183
0.015338971967705943
0.01533451269205523
0.015338971967705943
0.01641841912283609
0.01533839171882469
0.015193152602743757
0.015193152602743757
0.01533839171882469
0.01641841912283609
0.015338971967705943
0.01532210653932183
0.01533839171882469
0.01528694055425655
0.015645154245032586
0.015645154245032586
0.01528694055425655
0.01533839171882469
0.01532210653932183
0.015135631485045601
0.015193152602743757
0.015645154245032586
0.016054141247097954
0.016054141247097954
0.015645154245032586
0.015193152602743757
0.015135631485045601
0.015135631485045601
0.015193152602743757
0.015645154245032586
0.016054141247097954
0.016054141247097954
0.015645154245032586
0.015193152602743757
0.015135631485045601
0.01532210653932183
0.01533839171882469
0.01528694055425655
0.015645154245032586
0.015645154245032586
0.01528694055425655
0.01533839171882469
0.01532210653932183
0.015338971967705943
0.01641841912283609
0.01533839171882469
0.015193152602743757
0.015193152602743757
0.01533839171882469
0.01641841912283609
0.015338971967705943
0.01533451269205523
0.015338971967705943
0.01532210653932183
0.015135631485045601
0.015135631485045601
0.01532210653932183
0.015338971967705943
0.01533451269205523
0.015368107542395483
0.015253170114929021
0.015252968972808348
0.015143239099208797
0.015143239099208797
0.015252968972808348
0.015253170114929021
0.015368107542395483
0.015253170114929021
0.01642725995398439
0.0153142300211445
0.0151458962110301
0.0151458962110301
0.0153142300211445
0.01642725995398439
0.015253170114929021
0.015252968972808348
0.0153142300211445
0.015224661870097904
0.015555942653585217
0.015555942653585217
0.015224661870097904
0.0153142300211445
0.015252968972808348
0.015143239099208797
0.0151458962110301
0.015555942653585217
0.01602267398993873
0.01602267398993873
0.015555942653585217
0.0151458962110301
0.015143239099208797
0.015143239099208797
0.0151458962110301
0.015555942653585217
0.01602267398993873
0.01602267398993873
0.015555942653585217
0.0151458962110301
0.015143239099208797
0.015252968972808348
0.0153142300211445
0.015224661870097904
0.015555942653585217
0.015555942653585217
0.015224661870097904
0.0153142300211445
0.015252968972808348
0.015253170114929021
0.01642725995398439
0.0153142300211445
0.0151458962110301
0.0151458962110301
0.0153142300211445
0.01642725995398439
0.015253170114929021
0.015368107542395483
0.015253170114929021
0.015252968972808348
0.015143239099208797
0.015143239099208797
0.015252968972808348
0.015253170114929021
0.015368107542395483
0.015407125204104368
0.015164670033173431
0.015182472086034278
0.01515080074440317
0.01515080074440317
0.015182472086034278
0.015164670033173431
0.015407125204104368
0.015164670033173431
0.0164250150543541
0.015292455054370204
0.015105849434170024
0.015105849434170024
0.015292455054370204
0.0164250150543541
0.015164670033173431
0.015182472086034278
0.015292455054370204
0.0151711785798043
0.015468409539027676
0.015468409539027676
0.0151711785798043
0.015292455054370204
0.015182472086034278
0.01515080074440317
0.015105849434170024
0.015468409539027676
0.015983658232895187
0.015983658232895187
0.015468409539027676
0.015105849434170024
0.01515080074440317
0.01515080074440317
0.015105849434170024
0.015468409539027676
0.015983658232895187
0.015983658232895187
0.015468409539027676
0.015105849434170024
0.01515080074440317
0.015182472086034278
0.015292455054370204
0.0151711785798043
0.015468409539027676
0.015468409539027676
0.0151711785798043
0.015292455054370204
0.015182472086034278
0.015164670033173431
0.0164250150543541
0.015292455054370204
0.015105849434170024
0.015105849434170024
0.015292455054370204
0.0164250150543541
0.015164670033173431
0.015407125204104368
0.015164670033173431
0.015182472086034278
0.01515080074440317
0.01515080074440317
0.015182472086034278
0.015164670033173431
0.015407125204104368
0.01545161241284647
0.015077736780673097
0.01511377840108587
0.015157382169520683
0.015157382169520683
0.01511377840108587
0.015077736780673097
0.01545161241284647
0.015077736780673097
0.016411793213729473
0.015273344781988683
0.015074179970559327
0.015074179970559327
0.015273344781988683
0.016411793213729473
0.015077736780673097
0.01511377840108587
0.015273344781988683
0.01512771253943537
0.015384643983281578
0.015384643983281578
0.01512771253943537
0.015273344781988683
0.01511377840108587
0.015157382169520683
0.015074179970559327
0.015384643983281578
0.015936106198628612
0.015936106198628612
0.015384643983281578
0.015074179970559327
0.015157382169520683
0.015157382169520683
0.015074179970559327
0.015384643983281578
0.015936106198628612
0.015936106198628612
0.015384643983281578
0.015074179970559327
0.015157382169520683
0.01511377840108587
0.015273344781988683
0.01512771253943537
0.015384643983281578
0.015384643983281578
0.01512771253943537
0.015273344781988683
0.01511377840108587
0.015077736780673097
0.016411793213729473
0.015273344781988683
0.015074179970559327
0.015074179970559327
0.015273344781988683
0.016411793213729473
0.015077736780673097
0.01545161241284647
0.015077736780673097
0.01511377840108587
0.015157382169520683
0.015157382169520683
0.01511377840108587
0.015077736780673097
0.01545161241284647
0.015501538376966545
0.014997436980138681
0.015050629495353733
0.015161954272892117
0.015161954272892117
0.015050629495353733
0.014997436980138681
0.015501538376966545
0.014997436980138681
0.016387966544548632
0.015257126915617425
0.015052096373493312
0.015052096373493312
0.015257126915617425
0.016387966544548632
0.014997436980138681
0.015050629495353733
0.015257126915617425
0.015095430903774718
0.015306937592735784
0.015306937592735784
0.015095430903774718
0.015257126915617425
0.015050629495353733
0.015161954272892117
0.015052096373493312
0.015306937592735784
0.015878904365349448
0.015878904365349448
0.015306937592735784
0.015052096373493312
0.015161954272892117
0.015161954272892117
0.015052096373493312
0.015306937592735784
0.015878904365349448
0.015878904365349448
0.015306937592735784
0.015052096373493312
0.015161954272892117
0.015050629495353733
0.015257126915617425
0.015095430903774718
0.015306937592735784
0.015306937592735784
0.015095430903774718
0.015257126915617425
0.015050629495353733
0.014997436980138681
0.016387966544548632
0.015257126915617425
0.015052096373493312
0.015052096373493312
0.015257126915617425
0.016387966544548632
0.014997436980138681
0.015501538376966545
0.014997436980138681
0.015050629495353733
0.015161954272892117
0.015161954272892117
0.015050629495353733
0.014997436980138681
0.015501538376966545
0.015556787709732735
0.014929684674569167
0.014997378561767066
0.01516339086983914
0.01516339086983914
0.014997378561767066
0.014929684674569167
0.015556787709732735
0.014929684674569167
0.016354190715117213
0.015243972923019225
0.015040847376842761
0.015040847376842761
0.015243972923019225
0.016354190715117213
0.014929684674569167
0.014997378561767066
0.015243972923019225
0.01507543620095888
0.01523779045013054
0.01523779045013054
0.01507543620095888
0.015243972923019225
0.014997378561767066
0.01516339086983914
0.015040847376842761
0.01523779045013054
0.01581080583283502
0.01581080583283502
0.01523779045013054
0.015040847376842761
0.01516339086983914
0.01516339086983914
0.015040847376842761
0.01523779045013054
0.01581080583283502
0.01581080583283502
0.01523779045013054
0.015040847376842761
0.01516339086983914
0.014997378561767066
0.015243972923019225
0.01507543620095888
0.01523779045013054
0.01523779045013054
0.01507543620095888
0.015243972923019225
0.014997378561767066
0.014929684674569167
0.016354190715117213
0.015243972923019225
0.015040847376842761
0.015040847376842761
0.015243972923019225
0.016354190715117213
0.014929684674569167
0.015556787709732735
0.014929684674569167
0.014997378561767066
0.01516339086983914
0.01516339086983914
0.014997378561767066
0.014929684674569167
0.015556787709732735
0.015617153361580031
0.014881287183062999
0.0149590229690275
0.015160466460226283
0.015160466460226283
0.0149590229690275
0.014881287183062999
0.015617153361580031
0.014881287183062999
0.01631142518282188
0.015233992036117009
0.01504172122072985
0.01504172122072985
0.015233992036117009
0.01631142518282188
0.014881287183062999
0.0149590229690275
0.015233992036117009
0.015068756407106311
0.015179917066441572
0.015179917066441572
0.015068756407106311
0.015233992036117009
0.0149590229690275
0.015160466460226283
0.01504172122072985
0.015179917066441572
0.015730422688447265
0.015730422688447265
0.015179917066441572
0.01504172122072985
0.015160466460226283
0.015160466460226283
0.01504172122072985
0.015179917066441572
0.015730422688447265
0.015730422688447265
0.015179917066441572
0.01504172122072985
0.015160466460226283
0.0149590229690275
0.015233992036117009
0.015068756407106311
0.015179917066441572
0.015179917066441572
0.015068756407106311
0.015233992036117009
0.0149590229690275
0.014881287183062999
0.01631142518282188
0.015233992036117009
0.01504172122072985
0.01504172122072985
0.015233992036117009
0.01631142518282188
0.014881287183062999
0.015617153361580031
0.014881287183062999
0.0149590229690275
0.015160466460226283
0.015160466460226283
0.0149590229690275
0.014881287183062999
0.015617153361580031
0.01568232955235361
0.014859990956628849
0.01494123682184358
0.015151853996012985
0.015151853996012985
0.01494123682184358
0.014859990956628849
0.01568232955235361
0.014859990956628849
0.016260953427344224
0.015227225259008667
0.015056044977204107
0.015056044977204107
0.015227225259008667
0.016260953427344224
0.014859990956628849
0.01494123682184358
0.015227225259008667
0.015076335020946456
0.015136252332764222
0.015136252332764222
0.015076335020946456
0.015227225259008667
0.01494123682184358
0.015151853996012985
0.015056044977204107
0.015136252332764222
0.01563621837315042
0.01563621837315042
0.015136252332764222
0.015056044977204107
0.015151853996012985
0.015151853996012985
0.015056044977204107
0.015136252332764222
0.01563621837315042
0.01563621837315042
0.015136252332764222
0.015056044977204107
0.015151853996012985
0.01494123682184358
0.015227225259008667
0.015076335020946456
0.015136252332764222
0.015136252332764222
0.015076335020946456
0.015227225259008667
0.01494123682184358
0.014859990956628849
0.016260953427344224
0.015227225259008667
0.015056044977204107
0.015056044977204107
0.015227225259008667
0.016260953427344224
0.014859990956628849
0.01568232955235361
0.014859990956628849
0.01494123682184358
0.015151853996012985
0.015151853996012985
0.01494123682184358
0.014859990956628849
0.01568232955235361
0.015751904703552096
0.014874527433996955
0.014950403521164606
0.015136122648805643
0.015136122648805643
0.014950403521164606
0.014874527433996955
0.015751904703552096
0.014874527433996955
0.01620440318387422
0.015223639375981677
0.015085183875918324
0.015085183875918324
0.015223639375981677
0.01620440318387422
0.014874527433996955
0.014950403521164606
0.015223639375981677
0.015099021138448618
0.01510995747219758
0.01510995747219758
0.015099021138448618
0.015223639375981677
0.014950403521164606
0.015136122648805643
0.015085183875918324
0.01510995747219758
0.015526500047528776
0.015526500047528776
0.01510995747219758
0.015085183875918324
0.015136122648805643
0.015136122648805643
0.015085183875918324
0.01510995747219758
0.015526500047528776
0.015526500047528776
0.01510995747219758
0.015085183875918324
0.015136122648805643
0.014950403521164606
0.015223639375981677
0.015099021138448618
0.01510995747219758
0.01510995747219758
0.015099021138448618
0.015223639375981677
0.014950403521164606
0.014874527433996955
0.01620440318387422
0.015223639375981677
0.015085183875918324
0.015085183875918324
0.015223639375981677
0.01620440318387422
0.014874527433996955
0.015751904703552096
0.014874527433996955
0.014950403521164606
0.015136122648805643
0.015136122648805643
0.014950403521164606
0.014874527433996955
0.015751904703552096
0.015825354370571067
0.01493465889743038
0.014993648324415045
0.0151117355774096
0.0151117355774096
0.014993648324415045
0.01493465889743038
0.015825354370571067
0.01493465889743038
0.016143766676324035
0.015223120959528057
0.015130540629804515
0.015130540629804515
0.015223120959528057
0.016143766676324035
0.01493465889743038
0.014993648324415045
0.015223120959528057
0.015137559527451083
0.015104425991728579
0.015104425991728579
0.015137559527451083
0.015223120959528057
0.014993648324415045
0.0151117355774096
0.015130540629804515
0.015104425991728579
0.01539941095780439
0.01539941095780439
0.015104425991728579
0.015130540629804515
0.0151117355774096
0.0151117355774096
0.015130540629804515
0.015104425991728579
0.01539941095780439
0.01539941095780439
0.015104425991728579
0.015130540629804515
0.0151117355774096
0.014993648324415045
0.015223120959528057
0.015137559527451083
0.015104425991728579
0.015104425991728579
0.015137559527451083
0.015223120959528057
0.014993648324415045
0.01493465889743038
0.016143766676324035
0.015223120959528057
0.015130540629804515
0.015130540629804515
0.015223120959528057
0.016143766676324035
0.01493465889743038
0.015825354370571067
0.01493465889743038
0.014993648324415045
0.0151117355774096
0.0151117355774096
0.014993648324415045
0.01493465889743038
0.015825354370571067
0.01590203417494629
0.015051224328535884
0.01507887090572814
0.015077047695381193
0.015077047695381193
0.01507887090572814
0.015051224328535884
0.01590203417494629
0.015051224328535884
0.016081420850541442
0.015225470378359054
0.01519355476074987
0.01519355476074987
0.015225470378359054
0.016081420850541442
0.015051224328535884
0.01507887090572814
0.015225470378359054
0.015192580702290138
0.015123289634116138
0.015123289634116138
0.015192580702290138
0.015225470378359054
0.01507887090572814
0.015077047695381193
0.01519355476074987
0.015123289634116138
0.015252922801854796
0.015252922801854796
0.015123289634116138
0.01519355476074987
0.015077047695381193
0.015077047695381193
0.01519355476074987
0.015123289634116138
0.015252922801854796
0.015252922801854796
0.015123289634116138
0.01519355476074987
0.015077047695381193
0.01507887090572814
0.015225470378359054
0.015192580702290138
0.015123289634116138
0.015123289634116138
0.015192580702290138
0.015225470378359054
0.01507887090572814
0.015051224328535884
0.016081420850541442
0.015225470378359054
0.01519355476074987
0.01519355476074987
0.015225470378359054
0.016081420850541442
0.015051224328535884
0.01590203417494629
0.015051224328535884
0.01507887090572814
0.015077047695381193
0.015077047695381193
0.01507887090572814
0.015051224328535884
0.01590203417494629
0.01598117273659712
0.015236185264075101
0.015214777916180828
0.01503030343857977
0.01503030343857977
0.015214777916180828
0.015236185264075101
0.01598117273659712
0.015236185264075101
0.01602014760752383
0.015230395805419959
0.015275701925272661
0.015275701925272661
0.015230395805419959
0.01602014760752383
0.015236185264075101
0.015214777916180828
0.015230395805419959
0.015264590998428838
0.01517042432977528
0.01517042432977528
0.015264590998428838
0.015230395805419959
0.015214777916180828
0.01503030343857977
0.015275701925272661
0.01517042432977528
0.015084828095230813
0.015084828095230813
0.01517042432977528
0.015275701925272661
0.01503030343857977
0.01503030343857977
0.015275701925272661
0.01517042432977528
0.015084828095230813
0.015084828095230813
0.01517042432977528
0.015275701925272661
0.01503030343857977
0.015214777916180828
0.015230395805419959
0.015264590998428838
0.01517042432977528
0.01517042432977528
0.015264590998428838
0.015230395805419959
0.015214777916180828
0.015236185264075101
0.01602014760752383
0.015230395805419959
0.015275701925272661
0.015275701925272661
0.015230395805419959
0.01602014760752383
0.015236185264075101
0.01598117273659712
0.015236185264075101
0.015214777916180828
0.01503030343857977
0.01503030343857977
0.015214777916180828
0.015236185264075101
0.01598117273659712
0.016061864606069773
0.015502671651775934
0.015410915544026953
0.014969634532719713
0.014969634532719713
0.015410915544026953
0.015502671651775934
0.016061864606069773
0.015502671651775934
0.01596315403663138
0.015237507225904874
0.015378493240198198
0.015378493240198198
0.015237507225904874
0.01596315403663138
0.015502671651775934
0.015410915544026953
0.015237507225904874
0.01535396264708631
0.015249956148661243
0.015249956148661243
0.01535396264708631
0.015237507225904874
0.015410915544026953
0.014969634532719713
0.015378493240198198
0.015249956148661243
0.014892732537174137
0.014892732537174137
0.015249956148661243
0.015378493240198198
0.014969634532719713
0.014969634532719713
0.015378493240198198
0.015249956148661243
0.014892732537174137
0.014892732537174137
0.015249956148661243
0.015378493240198198
0.014969634532719713
0.015410915544026953
0.015237507225904874
0.01535396264708631
0.015249956148661243
0.015249956148661243
0.01535396264708631
0.015237507225904874
0.015410915544026953
0.015502671651775934
0.01596315403663138
0.015237507225904874
0.015378493240198198
0.015378493240198198
0.015237507225904874
0.01596315403663138
0.015502671651775934
0.016061864606069773
0.015502671651775934
0.015410915544026953
0.014969634532719713
0.014969634532719713
0.015410915544026953
0.015502671651775934
0.016061864606069773
0.016143063196780896
0.015865027706143123
0.01567770207493221
0.0148930577609225
0.0148930577609225
0.01567770207493221
0.015865027706143123
0.016143063196780896
0.015865027706143123
0.015914092648801184
0.01524631044527145
0.015503474608334776
0.015503474608334776
0.01524631044527145
0.015914092648801184
0.015865027706143123
0.01567770207493221
0.01524631044527145
0.015460923849866528
0.015366267252153606
0.015366267252153606
0.015460923849866528
0.01524631044527145
0.01567770207493221
0.0148930577609225
0.015503474608334776
0.015366267252153606
0.014674047376635161
0.014674047376635161
0.015366267252153606
0.015503474608334776
0.0148930577609225
0.0148930577609225
0.015503474608334776
0.015366267252153606
0.014674047376635161
0.014674047376635161
0.015366267252153606
0.015503474608334776
0.0148930577609225
0.01567770207493221
0.01524631044527145
0.015460923849866528
0.015366267252153606
0.015366267252153606
0.015460923849866528
0.01524631044527145
0.01567770207493221
0.015865027706143123
0.015914092648801184
0.01524631044527145
0.015503474608334776
0.015503474608334776
0.01524631044527145
0.015914092648801184
0.015865027706143123
0.016143063196780896
0.015865027706143123
0.01567770207493221
0.0148930577609225
0.0148930577609225
0.01567770207493221
0.015865027706143123
0.016143063196780896
0.016223573717260683
0.01633885776427003
0.016026460452207625
0.01479847273126866
0.01479847273126866
0.016026460452207625
0.01633885776427003
0.016223573717260683
0.01633885776427003
0.01587708160976089
0.01525620109725584
0.015652226044149592
0.015652226044149592
0.01525620109725584
0.01587708160976089
0.01633885776427003
0.016026460452207625
0.01525620109725584
0.015585548853387456
0.015524001844940453
0.015524001844940453
0.015585548853387456
0.01525620109725584
0.016026460452207625
0.01479847273126866
0.015652226044149592
0.015524001844940453
0.014425981778290643
0.014425981778290643
0.015524001844940453
0.015652226044149592
0.01479847273126866
0.01479847273126866
0.015652226044149592
0.015524001844940453
0.014425981778290643
0.014425981778290643
0.015524001844940453
0.015652226044149592
0.01479847273126866
0.016026460452207625
0.01525620109725584
0.015585548853387456
0.015524001844940453
0.015524001844940453
0.015585548853387456
0.01525620109725584
0.016026460452207625
0.01633885776427003
0.01587708160976089
0.01525620109725584
0.015652226044149592
0.015652226044149592
0.01525620109725584
0.01587708160976089
0.01633885776427003
0.016223573717260683
0.01633885776427003
0.016026460452207625
0.01479847273126866
0.01479847273126866
0.016026460452207625
0.01633885776427003
0.016223573717260683
