0.1567959768904997
0.1586408543070735
0.14985299562870225
0.14881595575019382
0.13047425822959874
0.17189470809467514
0.17283013084786086
0.16770453262720544
0.15932290460529674
0.1664464579624326
0.16315315085536175
0.15870308818152742
0.1631766912664595
0.16231175940386172
0.15768647576975012
0.15960940001377907
0.1581540928443997
0.1657016905331218
0.16354279082617967
0.1571945986234301
0.15651326497689802
0.1497781994763224
0.14191486005001086
0.14758608975220386
0.1496769433043352
0.14956679072155962
0.15103835449083555
0.16106883208256983
0.1554252610601919
0.15434971334762052
0.15267556638319799
0.1391899924838643
0.1437155606950556
0.14784600908312928
0.16461120306033555
0.16621231994817956
0.15998633659104944
0.1612071968487243
0.16492599888389411
0.1609022806864947
0.1650168964649941
0.1636820487467177
0.16194644671053288
0.16671871254099446
0.1685422201762502
0.13883486010213425
0.13570244899412623
0.14013624193056587
0.14439169239397773
0.1402291466732351
0.1420656102505506
0.14761341265036895
0.15102255414428115
0.15735893766557071
0.15977708864644108
0.16735974361370115
0.17308891570856733
0.17046932511091464
0.16563859744055595
0.16408124601781768
0.18157115700601106
0.17620439345375438
0.1803504509564224
0.18683668543984505
0.16564644208132823
0.18977297840465435
0.18429952447940706
0.1803342153023331
0.18788152025701255
0.1834400757286796
0.16963160964017585
0.178553322331346
0.17819790165352703
0.17934813838428434
0.1852879666777839
0.18950660930836097
0.18569612748793438
0.18681957627235338
0.1927339072156111
0.18832625502912492
0.1943917931971737
0.1899416209474823
0.19361908159807067
0.19897394711036342
0.20478658270591507
0.20522260509297569
0.20437123533752094
0.13860485844716977
0.1382977335896504
0.14168534299020794
0.1440759931408583
0.16109912559317055
0.16298304064475638
0.1561319888688157
0.15570133043690979
0.15539547148051785
0.16300143473235706
0.1643936057173216
0.1659131551569904
0.16804646015940175
0.1686476297122459
0.1697084179597791
0.17387028177341368
0.1800991200785254
0.18004595432861953
0.22412948771141833
0.22624581384748946
0.22294292224429527
0.22543032558537687
0.23159010210635544
0.23180164744319656
0.2223566303477596
0.21693711716654243
0.21763992490961384
0.2112810783672748
0.21536816705271256
0.21314591984187745
0.2140753930605458
0.21360897666464423
0.21526455628372482
0.17892285898019877
0.18322916408717024
0.17535142286533417
0.17207966382578063
0.17594927457502585
0.14146633133795608
0.1479569632888668
0.15008595975250885
0.15700685823462696
0.1612860494493141
0.16665445254074118
0.15677033441558927
0.15703347594306755
0.15798820762592153
0.15573705734022014
0.15605266613838192
0.16373388698450894
0.16511644648013352
0.1653723897446435
0.16711415991170533
0.1664222707778925
0.1711525217668847
0.16847440795855304
0.168902689666187
0.16069034979632055
0.1583743674937031
0.15420102505576722
0.20087358916273385
0.20539693908107548
0.20467564254415013
0.19856052514137892
0.18317889810622692
0.1762081163424538
0.17271395654796834
0.16897420309371472
0.17588484231810755
0.18397402408986657
0.1787625973254597
0.17820046368646333
0.15095583039451482
0.14798789825328068
0.15434682610472952
0.1521576348151709
0.1483024716099853
0.14724108379972728
0.15901994791505308
0.15102449660505338
0.14969776004856558
0.14498846740391108
0.14293534089614268
0.1503972072050057
0.1467561474140975
0.1567723157071345
0.15252446207812762
0.15481192749175
0.14680901624425804
0.15055298848899368
0.15585492659516878
0.15534166257385482
0.154816801951112
0.18082842383933
0.17912845074184391
0.18518468125801635
0.1870794753719081
0.15706098535948096
0.16009357582559047
0.15927008656717676
0.15971872088956693
0.15239376081255873
0.14379470364474914
0.15215223897100755
0.15026600967129147
0.14699236522629536
0.1398018898668846
0.14366638751556268
0.14314194107021902
0.14289216310925448
0.133507158289808
0.12970665209026083
0.1386572959023227
0.13294013947681135
0.13713312248114692
0.14337421486364568
0.14163891636091439
0.14176643227388766
0.1455006361642447
0.1527646884348025
0.19004329879986978
0.18590682486634308
0.18054590273473514
0.188922410944128
0.17026010345040066
0.16951421479395548
0.17390990738540674
0.19031696797661088
0.18690870512921726
0.18645132111199322
0.19326042347102002
0.18895959695184797
0.16970329993170147
0.1683809505295772
0.16480813294536473
0.1681994197643009
0.1618995069707504
0.16595270692426875
0.15918411797150467
0.16065933923955145
0.15652460231754958
0.1543058734477636
0.1577026814991795
0.15673475336940912
0.1567246150070012
0.15407203303681258
0.1547599166147031
0.1543348744234405
0.1522708097408729
0.15377583797625943
0.1550782489197022
0.1605759642115268
0.16005921448926322
0.13169592632426755
0.13237764940767405
0.13431142245763095
0.13380842806502216
0.1640733323938361
0.18607360996777617
0.18232806362442427
0.18602849828067614
0.17997527358985896
0.18033290634837434
0.151302770412999
0.1547388475298319
0.15233205980011527
0.15645148596053732
0.1594047785372202
0.1541700965086687
0.15485529958177616
0.15433496553050075
0.15440646391383336
0.14578737291963387
0.14527078981966876
0.14390971580996947
0.14391433170491433
0.1418473176029365
0.13806844223344134
0.13637144214815036
0.13862994922649208
0.12800005719639412
0.13223182122252497
0.12932820140993675
0.1278325253431627
0.15631757907707544
0.15947545413032413
0.15763937014941357
0.14528014104302794
0.13859490617382142
0.1356947866457643
0.14170173763349433
0.13847352916149144
0.17060330892621497
0.1719431551596377
0.1710708316019796
0.16557732762561192
0.1686972085130973
0.16746687733367435
0.1449777313119662
0.15341470359471288
0.14829808500232028
0.15287790065868365
0.15564050036650381
0.1544945330966037
0.16059318409310752
0.16078007903930885
0.15995217923777605
0.16306481453497393
0.16724103095322446
0.164327204388159
0.16113438601078534
0.16362557382975562
0.1659882137244078
0.17018565695969293
0.17041948800248394
0.17494902683389385
0.17137979154725036
0.20679570736073022
0.1506987963693479
0.15331523119226428
0.15612807314770943
0.16341968250064606
0.16469980686645036
0.1971057775797147
0.2009683978704141
0.20226750611053518
0.2040985187585105
0.19821733415946297
0.1975192869605902
0.19466842999212644
0.19452016289408255
0.19423779620947157
0.20292031761378315
0.20446174175155574
0.20808481951819427
0.20870310382480553
0.2010510395073948
0.20501124968610013
0.2049641583793665
0.1989947474545818
0.18140936431126267
0.18274142018021416
0.18941519697334958
0.18793297904727407
0.18995430128926222
0.18810361339345472
0.1917587679652663
0.17511615438940112
0.17700375495015647
0.1708920968289694
0.16067443900398004
0.16352725615931268
0.1797888199016723
0.1780234698802643
0.1763837426414293
0.1782488893109698
0.17428298028664724
0.17075115743745986
0.1738538549879235
0.17295319771906664
0.1824003884567034
0.17800574051028714
0.17190222845858344
0.16450624863523441
0.16595601048766534
0.16041590090592048
0.15776457949420872
0.1567302165361198
0.150951232395231
0.1451091335961432
0.14338772030288321
0.14120922527966273
0.13978996753367443
0.018080380795741483
0.01630681611160773
0.01695653712406364
0.014252675192409607
0.014252675192409607
0.01695653712406364
0.01630681611160773
0.018080380795741483
0.01630681611160773
0.015777027795179834
0.012868241932046992
0.017746999942772356
0.017746999942772356
0.012868241932046992
0.015777027795179834
0.01630681611160773
0.01695653712406364
0.012868241932046992
0.014514591786288784
0.015214692543559127
0.015214692543559127
0.014514591786288784
0.012868241932046992
0.01695653712406364
0.014252675192409607
0.017746999942772356
0.015214692543559127
0.014936073929871011
0.014936073929871011
0.015214692543559127
0.017746999942772356
0.014252675192409607
0.014252675192409607
0.017746999942772356
0.015214692543559127
0.014936073929871011
0.014936073929871011
0.015214692543559127
0.017746999942772356
0.014252675192409607
0.01695653712406364
0.012868241932046992
0.014514591786288784
0.015214692543559127
0.015214692543559127
0.014514591786288784
0.012868241932046992
0.01695653712406364
0.01630681611160773
0.015777027795179834
0.012868241932046992
0.017746999942772356
0.017746999942772356
0.012868241932046992
0.015777027795179834
0.01630681611160773
0.018080380795741483
0.01630681611160773
0.01695653712406364
0.014252675192409607
0.014252675192409607
0.01695653712406364
0.01630681611160773
0.018080380795741483
0.018503951134396086
0.01610980407205063
0.016644243226761193
0.014776465001378258
0.014776465001378258
0.016644243226761193
0.01610980407205063
0.018503951134396086
0.01610980407205063
0.015159758608552058
0.012660716335791982
0.01840593728049521
0.01840593728049521
0.012660716335791982
0.015159758608552058
0.01610980407205063
0.016644243226761193
0.012660716335791982
0.014257339656598606
0.01505117695043257
0.01505117695043257
0.014257339656598606
0.012660716335791982
0.016644243226761193
0.014776465001378258
0.01840593728049521
0.01505117695043257
0.014782264866633588
0.014782264866633588
0.01505117695043257
0.01840593728049521
0.014776465001378258
0.014776465001378258
0.01840593728049521
0.01505117695043257
0.014782264866633588
0.014782264866633588
0.01505117695043257
0.01840593728049521
0.014776465001378258
0.016644243226761193
0.012660716335791982
0.014257339656598606
0.01505117695043257
0.01505117695043257
0.014257339656598606
0.012660716335791982
0.016644243226761193
0.01610980407205063
0.015159758608552058
0.012660716335791982
0.01840593728049521
0.01840593728049521
0.012660716335791982
0.015159758608552058
0.01610980407205063
0.018503951134396086
0.01610980407205063
0.016644243226761193
0.014776465001378258
0.014776465001378258
0.016644243226761193
0.01610980407205063
0.018503951134396086
0.01862179312069669
0.015853350682596547
0.016886233473341943
0.014256353679737106
0.014256353679737106
0.016886233473341943
0.015853350682596547
0.01862179312069669
0.015853350682596547
0.014687065788471261
0.013325953156941166
0.01836109003909546
0.01836109003909546
0.013325953156941166
0.014687065788471261
0.015853350682596547
0.016886233473341943
0.013325953156941166
0.014539097642543408
0.014624992828580161
0.014624992828580161
0.014539097642543408
0.013325953156941166
0.016886233473341943
0.014256353679737106
0.01836109003909546
0.014624992828580161
0.015536095727703895
0.015536095727703895
0.014624992828580161
0.01836109003909546
0.014256353679737106
0.014256353679737106
0.01836109003909546
0.014624992828580161
0.015536095727703895
0.015536095727703895
0.014624992828580161
0.01836109003909546
0.014256353679737106
0.016886233473341943
0.013325953156941166
0.014539097642543408
0.014624992828580161
0.014624992828580161
0.014539097642543408
0.013325953156941166
0.016886233473341943
0.015853350682596547
0.014687065788471261
0.013325953156941166
0.01836109003909546
0.01836109003909546
0.013325953156941166
0.014687065788471261
0.015853350682596547
0.01862179312069669
0.015853350682596547
0.016886233473341943
0.014256353679737106
0.014256353679737106
0.016886233473341943
0.015853350682596547
0.01862179312069669
0.018578371685183007
0.015953006540823076
0.017413810348890817
0.013918196955850807
0.013918196955850807
0.017413810348890817
0.015953006540823076
0.018578371685183007
0.015953006540823076
0.015278950462203745
0.013669705440740592
0.01840742933282003
0.01840742933282003
0.013669705440740592
0.015278950462203745
0.015953006540823076
0.017413810348890817
0.013669705440740592
0.014563155485449739
0.013905246747879732
0.013905246747879732
0.014563155485449739
0.013669705440740592
0.017413810348890817
0.013918196955850807
0.01840742933282003
0.013905246747879732
0.015044731633153443
0.015044731633153443
0.013905246747879732
0.01840742933282003
0.013918196955850807
0.013918196955850807
0.01840742933282003
0.013905246747879732
0.015044731633153443
0.015044731633153443
0.013905246747879732
0.01840742933282003
0.013918196955850807
0.017413810348890817
0.013669705440740592
0.014563155485449739
0.013905246747879732
0.013905246747879732
0.014563155485449739
0.013669705440740592
0.017413810348890817
0.015953006540823076
0.015278950462203745
0.013669705440740592
0.01840742933282003
0.01840742933282003
0.013669705440740592
0.015278950462203745
0.015953006540823076
0.018578371685183007
0.015953006540823076
0.017413810348890817
0.013918196955850807
0.013918196955850807
0.017413810348890817
0.015953006540823076
0.018578371685183007
0.015557376582003875
0.012480892448893197
0.014937079353622588
0.0160462832651316
0.0160462832651316
0.014937079353622588
0.012480892448893197
0.015557376582003875
0.012480892448893197
0.01599182607702436
0.015612224697144718
0.018344550085158378
0.018344550085158378
0.015612224697144718
0.01599182607702436
0.012480892448893197
0.014937079353622588
0.015612224697144718
0.01691855266676483
0.015412771416626506
0.015412771416626506
0.01691855266676483
0.015612224697144718
0.014937079353622588
0.0160462832651316
0.018344550085158378
0.015412771416626506
0.015864642141052966
0.015864642141052966
0.015412771416626506
0.018344550085158378
0.0160462832651316
0.0160462832651316
0.018344550085158378
0.015412771416626506
0.015864642141052966
0.015864642141052966
0.015412771416626506
0.018344550085158378
0.0160462832651316
0.014937079353622588
0.015612224697144718
0.01691855266676483
0.015412771416626506
0.015412771416626506
0.01691855266676483
0.015612224697144718
0.014937079353622588
0.012480892448893197
0.01599182607702436
0.015612224697144718
0.018344550085158378
0.018344550085158378
0.015612224697144718
0.01599182607702436
0.012480892448893197
0.015557376582003875
0.012480892448893197
0.014937079353622588
0.0160462832651316
0.0160462832651316
0.014937079353622588
0.012480892448893197
0.015557376582003875
0.014442079445850884
0.01966218102883193
0.015470994624037688
0.014488075967992765
0.014488075967992765
0.015470994624037688
0.01966218102883193
0.014442079445850884
0.01966218102883193
0.01604468180279572
0.014253766016819802
0.014377898281376703
0.014377898281376703
0.014253766016819802
0.01604468180279572
0.01966218102883193
0.015470994624037688
0.014253766016819802
0.014966913742506542
0.01576519218662385
0.01576519218662385
0.014966913742506542
0.014253766016819802
0.015470994624037688
0.014488075967992765
0.014377898281376703
0.01576519218662385
0.0165101087974814
0.0165101087974814
0.01576519218662385
0.014377898281376703
0.014488075967992765
0.014488075967992765
0.014377898281376703
0.01576519218662385
0.0165101087974814
0.0165101087974814
0.01576519218662385
0.014377898281376703
0.014488075967992765
0.015470994624037688
0.014253766016819802
0.014966913742506542
0.01576519218662385
0.01576519218662385
0.014966913742506542
0.014253766016819802
0.015470994624037688
0.01966218102883193
0.01604468180279572
0.014253766016819802
0.014377898281376703
0.014377898281376703
0.014253766016819802
0.01604468180279572
0.01966218102883193
0.014442079445850884
0.01966218102883193
0.015470994624037688
0.014488075967992765
0.014488075967992765
0.015470994624037688
0.01966218102883193
0.014442079445850884
0.014284650089942858
0.019847130453808707
0.01571405064861088
0.014885911031075843
0.014885911031075843
0.01571405064861088
0.019847130453808707
0.014284650089942858
0.019847130453808707
0.015956997147400776
0.014089444631553406
0.014564822069723628
0.014564822069723628
0.014089444631553406
0.015956997147400776
0.019847130453808707
0.01571405064861088
0.014089444631553406
0.014571686990564147
0.015306748363934454
0.015306748363934454
0.014571686990564147
0.014089444631553406
0.01571405064861088
0.014885911031075843
0.014564822069723628
0.015306748363934454
0.016370451374678453
0.016370451374678453
0.015306748363934454
0.014564822069723628
0.014885911031075843
0.014885911031075843
0.014564822069723628
0.015306748363934454
0.016370451374678453
0.016370451374678453
0.015306748363934454
0.014564822069723628
0.014885911031075843
0.01571405064861088
0.014089444631553406
0.014571686990564147
0.015306748363934454
0.015306748363934454
0.014571686990564147
0.014089444631553406
0.01571405064861088
0.019847130453808707
0.015956997147400776
0.014089444631553406
0.014564822069723628
0.014564822069723628
0.014089444631553406
0.015956997147400776
0.019847130453808707
0.014284650089942858
0.019847130453808707
0.01571405064861088
0.014885911031075843
0.014885911031075843
0.01571405064861088
0.019847130453808707
0.014284650089942858
0.013827611635048398
0.020523078042468928
0.0149123181681543
0.01515078585705129
0.01515078585705129
0.0149123181681543
0.020523078042468928
0.013827611635048398
0.020523078042468928
0.016058002734506704
0.013712877259717964
0.015087829103856979
0.015087829103856979
0.013712877259717964
0.016058002734506704
0.020523078042468928
0.0149123181681543
0.013712877259717964
0.014195808007538465
0.0156438266907492
0.0156438266907492
0.014195808007538465
0.013712877259717964
0.0149123181681543
0.01515078585705129
0.015087829103856979
0.0156438266907492
0.015857147378909087
0.015857147378909087
0.0156438266907492
0.015087829103856979
0.01515078585705129
0.01515078585705129
0.015087829103856979
0.0156438266907492
0.015857147378909087
0.015857147378909087
0.0156438266907492
0.015087829103856979
0.01515078585705129
0.0149123181681543
0.013712877259717964
0.014195808007538465
0.0156438266907492
0.0156438266907492
0.014195808007538465
0.013712877259717964
0.0149123181681543
0.020523078042468928
0.016058002734506704
0.013712877259717964
0.015087829103856979
0.015087829103856979
0.013712877259717964
0.016058002734506704
0.020523078042468928
0.013827611635048398
0.020523078042468928
0.0149123181681543
0.01515078585705129
0.01515078585705129
0.0149123181681543
0.020523078042468928
0.013827611635048398
0.01310690657581828
0.02033039276244611
0.015060482563249862
0.014824978755996683
0.014824978755996683
0.015060482563249862
0.02033039276244611
0.01310690657581828
0.02033039276244611
0.015168753861172642
0.01456769652233193
0.015575529614572736
0.015575529614572736
0.01456769652233193
0.015168753861172642
0.02033039276244611
0.015060482563249862
0.01456769652233193
0.014009730631557383
0.01566026923011952
0.01566026923011952
0.014009730631557383
0.01456769652233193
0.015060482563249862
0.014824978755996683
0.015575529614572736
0.01566026923011952
0.015675910034018005
0.015675910034018005
0.01566026923011952
0.015575529614572736
0.014824978755996683
0.014824978755996683
0.015575529614572736
0.01566026923011952
0.015675910034018005
0.015675910034018005
0.01566026923011952
0.015575529614572736
0.014824978755996683
0.015060482563249862
0.01456769652233193
0.014009730631557383
0.01566026923011952
0.01566026923011952
0.014009730631557383
0.01456769652233193
0.015060482563249862
0.02033039276244611
0.015168753861172642
0.01456769652233193
0.015575529614572736
0.015575529614572736
0.01456769652233193
0.015168753861172642
0.02033039276244611
0.01310690657581828
0.02033039276244611
0.015060482563249862
0.014824978755996683
0.014824978755996683
0.015060482563249862
0.02033039276244611
0.01310690657581828
0.013647645486919536
0.02010505191993627
0.01468004095590103
0.014770471675082502
0.014770471675082502
0.01468004095590103
0.02010505191993627
0.013647645486919536
0.02010505191993627
0.015214381051551673
0.015168635003255593
0.015566172563909223
0.015566172563909223
0.015168635003255593
0.015214381051551673
0.02010505191993627
0.01468004095590103
0.015168635003255593
0.01385685949490865
0.015491845892394034
0.015491845892394034
0.01385685949490865
0.015168635003255593
0.01468004095590103
0.014770471675082502
0.015566172563909223
0.015491845892394034
0.015716677945662824
0.015716677945662824
0.015491845892394034
0.015566172563909223
0.014770471675082502
0.014770471675082502
0.015566172563909223
0.015491845892394034
0.015716677945662824
0.015716677945662824
0.015491845892394034
0.015566172563909223
0.014770471675082502
0.01468004095590103
0.015168635003255593
0.01385685949490865
0.015491845892394034
0.015491845892394034
0.01385685949490865
0.015168635003255593
0.01468004095590103
0.02010505191993627
0.015214381051551673
0.015168635003255593
0.015566172563909223
0.015566172563909223
0.015168635003255593
0.015214381051551673
0.02010505191993627
0.013647645486919536
0.02010505191993627
0.01468004095590103
0.014770471675082502
0.014770471675082502
0.01468004095590103
0.02010505191993627
0.013647645486919536
0.015692951810080045
0.012757245213604284
0.015933065513759222
0.016024428280963475
0.016024428280963475
0.015933065513759222
0.012757245213604284
0.015692951810080045
0.012757245213604284
0.014207545294608393
0.015463119392219183
0.018063790856847655
0.018063790856847655
0.015463119392219183
0.014207545294608393
0.012757245213604284
0.015933065513759222
0.015463119392219183
0.015662576409103075
0.015577413046936675
0.015577413046936675
0.015662576409103075
0.015463119392219183
0.015933065513759222
0.016024428280963475
0.018063790856847655
0.015577413046936675
0.0167988018775475
0.0167988018775475
0.015577413046936675
0.018063790856847655
0.016024428280963475
0.016024428280963475
0.018063790856847655
0.015577413046936675
0.0167988018775475
0.0167988018775475
0.015577413046936675
0.018063790856847655
0.016024428280963475
0.015933065513759222
0.015463119392219183
0.015662576409103075
0.015577413046936675
0.015577413046936675
0.015662576409103075
0.015463119392219183
0.015933065513759222
0.012757245213604284
0.014207545294608393
0.015463119392219183
0.018063790856847655
0.018063790856847655
0.015463119392219183
0.014207545294608393
0.012757245213604284
0.015692951810080045
0.012757245213604284
0.015933065513759222
0.016024428280963475
0.016024428280963475
0.015933065513759222
0.012757245213604284
0.015692951810080045
0.015159021394721332
0.012806745220688118
0.015294152247229445
0.016190326563407752
0.016190326563407752
0.015294152247229445
0.012806745220688118
0.015159021394721332
0.012806745220688118
0.014259956561724628
0.016067317188696105
0.018027712806151203
0.018027712806151203
0.016067317188696105
0.014259956561724628
0.012806745220688118
0.015294152247229445
0.016067317188696105
0.015270037058187122
0.015667159318375274
0.015667159318375274
0.015270037058187122
0.016067317188696105
0.015294152247229445
0.016190326563407752
0.018027712806151203
0.015667159318375274
0.01720415829627111
0.01720415829627111
0.015667159318375274
0.018027712806151203
0.016190326563407752
0.016190326563407752
0.018027712806151203
0.015667159318375274
0.01720415829627111
0.01720415829627111
0.015667159318375274
0.018027712806151203
0.016190326563407752
0.015294152247229445
0.016067317188696105
0.015270037058187122
0.015667159318375274
0.015667159318375274
0.015270037058187122
0.016067317188696105
0.015294152247229445
0.012806745220688118
0.014259956561724628
0.016067317188696105
0.018027712806151203
0.018027712806151203
0.016067317188696105
0.014259956561724628
0.012806745220688118
0.015159021394721332
0.012806745220688118
0.015294152247229445
0.016190326563407752
0.016190326563407752
0.015294152247229445
0.012806745220688118
0.015159021394721332
0.015067153110201048
0.012625505812921597
0.015254609399626098
0.016761414549090477
0.016761414549090477
0.015254609399626098
0.012625505812921597
0.015067153110201048
0.012625505812921597
0.014462865571612206
0.015906589051885286
0.018011662871763045
0.018011662871763045
0.015906589051885286
0.014462865571612206
0.012625505812921597
0.015254609399626098
0.015906589051885286
0.014842475552638696
0.01596498144832895
0.01596498144832895
0.014842475552638696
0.015906589051885286
0.015254609399626098
0.016761414549090477
0.018011662871763045
0.01596498144832895
0.01657797949831715
0.01657797949831715
0.01596498144832895
0.018011662871763045
0.016761414549090477
0.016761414549090477
0.018011662871763045
0.01596498144832895
0.01657797949831715
0.01657797949831715
0.01596498144832895
0.018011662871763045
0.016761414549090477
0.015254609399626098
0.015906589051885286
0.014842475552638696
0.01596498144832895
0.01596498144832895
0.014842475552638696
0.015906589051885286
0.015254609399626098
0.012625505812921597
0.014462865571612206
0.015906589051885286
0.018011662871763045
0.018011662871763045
0.015906589051885286
0.014462865571612206
0.012625505812921597
0.015067153110201048
0.012625505812921597
0.015254609399626098
0.016761414549090477
0.016761414549090477
0.015254609399626098
0.012625505812921597
0.015067153110201048
0.015402024959210992
0.012575000470253127
0.015761766163758115
0.017483513865698207
0.017483513865698207
0.015761766163758115
0.012575000470253127
0.015402024959210992
0.012575000470253127
0.013887812546363263
0.015814444463352204
0.01803897284138182
0.01803897284138182
0.015814444463352204
0.013887812546363263
0.012575000470253127
0.015761766163758115
0.015814444463352204
0.014004288348891284
0.01517906071836714
0.01517906071836714
0.014004288348891284
0.015814444463352204
0.015761766163758115
0.017483513865698207
0.01803897284138182
0.01517906071836714
0.017000357099913217
0.017000357099913217
0.01517906071836714
0.01803897284138182
0.017483513865698207
0.017483513865698207
0.01803897284138182
0.01517906071836714
0.017000357099913217
0.017000357099913217
0.01517906071836714
0.01803897284138182
0.017483513865698207
0.015761766163758115
0.015814444463352204
0.014004288348891284
0.01517906071836714
0.01517906071836714
0.014004288348891284
0.015814444463352204
0.015761766163758115
0.012575000470253127
0.013887812546363263
0.015814444463352204
0.01803897284138182
0.01803897284138182
0.015814444463352204
0.013887812546363263
0.012575000470253127
0.015402024959210992
0.012575000470253127
0.015761766163758115
0.017483513865698207
0.017483513865698207
0.015761766163758115
0.012575000470253127
0.015402024959210992
0.015318516971258068
0.012959673012940522
0.015340977002597017
0.018057370198240375
0.018057370198240375
0.015340977002597017
0.012959673012940522
0.015318516971258068
0.012959673012940522
0.013611444441048618
0.015915810866150733
0.01769077758973847
0.01769077758973847
0.015915810866150733
0.013611444441048618
0.012959673012940522
0.015340977002597017
0.015915810866150733
0.014096607443489612
0.015215262803772724
0.015215262803772724
0.014096607443489612
0.015915810866150733
0.015340977002597017
0.018057370198240375
0.01769077758973847
0.015215262803772724
0.016613688197324013
0.016613688197324013
0.015215262803772724
0.01769077758973847
0.018057370198240375
0.018057370198240375
0.01769077758973847
0.015215262803772724
0.016613688197324013
0.016613688197324013
0.015215262803772724
0.01769077758973847
0.018057370198240375
0.015340977002597017
0.015915810866150733
0.014096607443489612
0.015215262803772724
0.015215262803772724
0.014096607443489612
0.015915810866150733
0.015340977002597017
0.012959673012940522
0.013611444441048618
0.015915810866150733
0.01769077758973847
0.01769077758973847
0.015915810866150733
0.013611444441048618
0.012959673012940522
0.015318516971258068
0.012959673012940522
0.015340977002597017
0.018057370198240375
0.018057370198240375
0.015340977002597017
0.012959673012940522
0.015318516971258068
0.015229454141500625
0.012646824040601645
0.015491426395113217
0.018059698746368757
0.018059698746368757
0.015491426395113217
0.012646824040601645
0.015229454141500625
0.012646824040601645
0.01371013283552625
0.016582380223219093
0.01727851714616866
0.01727851714616866
0.016582380223219093
0.01371013283552625
0.012646824040601645
0.015491426395113217
0.016582380223219093
0.0139039232341968
0.015306192585137348
0.015306192585137348
0.0139039232341968
0.016582380223219093
0.015491426395113217
0.018059698746368757
0.01727851714616866
0.015306192585137348
0.016426411515558875
0.016426411515558875
0.015306192585137348
0.01727851714616866
0.018059698746368757
0.018059698746368757
0.01727851714616866
0.015306192585137348
0.016426411515558875
0.016426411515558875
0.015306192585137348
0.01727851714616866
0.018059698746368757
0.015491426395113217
0.016582380223219093
0.0139039232341968
0.015306192585137348
0.015306192585137348
0.0139039232341968
0.016582380223219093
0.015491426395113217
0.012646824040601645
0.01371013283552625
0.016582380223219093
0.01727851714616866
0.01727851714616866
0.016582380223219093
0.01371013283552625
0.012646824040601645
0.015229454141500625
0.012646824040601645
0.015491426395113217
0.018059698746368757
0.018059698746368757
0.015491426395113217
0.012646824040601645
0.015229454141500625
0.015128194354879554
0.012603891626460589
0.01566653279487638
0.017742437166180507
0.017742437166180507
0.01566653279487638
0.012603891626460589
0.015128194354879554
0.012603891626460589
0.013270462345036439
0.016939368207516816
0.01715909753364183
0.01715909753364183
0.016939368207516816
0.013270462345036439
0.012603891626460589
0.01566653279487638
0.016939368207516816
0.013658000336051721
0.01543780012178596
0.01543780012178596
0.013658000336051721
0.016939368207516816
0.01566653279487638
0.017742437166180507
0.01715909753364183
0.01543780012178596
0.016845088063108134
0.016845088063108134
0.01543780012178596
0.01715909753364183
0.017742437166180507
0.017742437166180507
0.01715909753364183
0.01543780012178596
0.016845088063108134
0.016845088063108134
0.01543780012178596
0.01715909753364183
0.017742437166180507
0.01566653279487638
0.016939368207516816
0.013658000336051721
0.01543780012178596
0.01543780012178596
0.013658000336051721
0.016939368207516816
0.01566653279487638
0.012603891626460589
0.013270462345036439
0.016939368207516816
0.01715909753364183
0.01715909753364183
0.016939368207516816
0.013270462345036439
0.012603891626460589
0.015128194354879554
0.012603891626460589
0.01566653279487638
0.017742437166180507
0.017742437166180507
0.01566653279487638
0.012603891626460589
0.015128194354879554
0.015300939693250477
0.01328650213294665
0.015783244019910273
0.017237290213475136
0.017237290213475136
0.015783244019910273
0.01328650213294665
0.015300939693250477
0.01328650213294665
0.013410776279260034
0.01742425530376128
0.016517920510242378
0.016517920510242378
0.01742425530376128
0.013410776279260034
0.01328650213294665
0.015783244019910273
0.01742425530376128
0.013862977369818827
0.015142276818503742
0.015142276818503742
0.013862977369818827
0.01742425530376128
0.015783244019910273
0.017237290213475136
0.016517920510242378
0.015142276818503742
0.016642328659991715
0.016642328659991715
0.015142276818503742
0.016517920510242378
0.017237290213475136
0.017237290213475136
0.016517920510242378
0.015142276818503742
0.016642328659991715
0.016642328659991715
0.015142276818503742
0.016517920510242378
0.017237290213475136
0.015783244019910273
0.01742425530376128
0.013862977369818827
0.015142276818503742
0.015142276818503742
0.013862977369818827
0.01742425530376128
0.015783244019910273
0.01328650213294665
0.013410776279260034
0.01742425530376128
0.016517920510242378
0.016517920510242378
0.01742425530376128
0.013410776279260034
0.01328650213294665
0.015300939693250477
0.01328650213294665
0.015783244019910273
0.017237290213475136
0.017237290213475136
0.015783244019910273
0.01328650213294665
0.015300939693250477
0.015570598833303221
0.014086982636300219
0.015297401121817746
0.017448008159538567
0.017448008159538567
0.015297401121817746
0.014086982636300219
0.015570598833303221
0.014086982636300219
0.012948909351248856
0.016748973832567855
0.01665318507832721
0.01665318507832721
0.016748973832567855
0.012948909351248856
0.014086982636300219
0.015297401121817746
0.016748973832567855
0.01434767304009832
0.014883418462305441
0.014883418462305441
0.01434767304009832
0.016748973832567855
0.015297401121817746
0.017448008159538567
0.01665318507832721
0.014883418462305441
0.016896880193635513
0.016896880193635513
0.014883418462305441
0.01665318507832721
0.017448008159538567
0.017448008159538567
0.01665318507832721
0.014883418462305441
0.016896880193635513
0.016896880193635513
0.014883418462305441
0.01665318507832721
0.017448008159538567
0.015297401121817746
0.016748973832567855
0.01434767304009832
0.014883418462305441
0.014883418462305441
0.01434767304009832
0.016748973832567855
0.015297401121817746
0.014086982636300219
0.012948909351248856
0.016748973832567855
0.01665318507832721
0.01665318507832721
0.016748973832567855
0.012948909351248856
0.014086982636300219
0.015570598833303221
0.014086982636300219
0.015297401121817746
0.017448008159538567
0.017448008159538567
0.015297401121817746
0.014086982636300219
0.015570598833303221
0.01608386062801754
0.014146863760715707
0.01544030274716355
0.017412202658634322
0.017412202658634322
0.01544030274716355
0.014146863760715707
0.01608386062801754
0.014146863760715707
0.012969343168437023
0.01623425325324136
0.01723101110116566
0.01723101110116566
0.01623425325324136
0.012969343168437023
0.014146863760715707
0.01544030274716355
0.01623425325324136
0.014486576740032698
0.014504198269228812
0.014504198269228812
0.014486576740032698
0.01623425325324136
0.01544030274716355
0.017412202658634322
0.01723101110116566
0.014504198269228812
0.01652255588321391
0.01652255588321391
0.014504198269228812
0.01723101110116566
0.017412202658634322
0.017412202658634322
0.01723101110116566
0.014504198269228812
0.01652255588321391
0.01652255588321391
0.014504198269228812
0.01723101110116566
0.017412202658634322
0.01544030274716355
0.01623425325324136
0.014486576740032698
0.014504198269228812
0.014504198269228812
0.014486576740032698
0.01623425325324136
0.01544030274716355
0.014146863760715707
0.012969343168437023
0.01623425325324136
0.01723101110116566
0.01723101110116566
0.01623425325324136
0.012969343168437023
0.014146863760715707
0.01608386062801754
0.014146863760715707
0.01544030274716355
0.017412202658634322
0.017412202658634322
0.01544030274716355
0.014146863760715707
0.01608386062801754
0.015981781427178286
0.013410622559425479
0.015446738257045962
0.01726338948111918
0.01726338948111918
0.015446738257045962
0.013410622559425479
0.015981781427178286
0.013410622559425479
0.013160828415399298
0.016108589071508982
0.017704318871521085
0.017704318871521085
0.016108589071508982
0.013160828415399298
0.013410622559425479
0.015446738257045962
0.016108589071508982
0.014611727663239798
0.01487632955461044
0.01487632955461044
0.014611727663239798
0.016108589071508982
0.015446738257045962
0.01726338948111918
0.017704318871521085
0.01487632955461044
0.016625686903720398
0.016625686903720398
0.01487632955461044
0.017704318871521085
0.01726338948111918
0.01726338948111918
0.017704318871521085
0.01487632955461044
0.016625686903720398
0.016625686903720398
0.01487632955461044
0.017704318871521085
0.01726338948111918
0.015446738257045962
0.016108589071508982
0.014611727663239798
0.01487632955461044
0.01487632955461044
0.014611727663239798
0.016108589071508982
0.015446738257045962
0.013410622559425479
0.013160828415399298
0.016108589071508982
0.017704318871521085
0.017704318871521085
0.016108589071508982
0.013160828415399298
0.013410622559425479
0.015981781427178286
0.013410622559425479
0.015446738257045962
0.01726338948111918
0.01726338948111918
0.015446738257045962
0.013410622559425479
0.015981781427178286
0.0160716775231354
0.013175357823183232
0.015513919407737211
0.017862817899011365
0.017862817899011365
0.015513919407737211
0.013175357823183232
0.0160716775231354
0.013175357823183232
0.013187357215091813
0.016154636207567984
0.017572897615589018
0.017572897615589018
0.016154636207567984
0.013187357215091813
0.013175357823183232
0.015513919407737211
0.016154636207567984
0.014709401311181595
0.014513047275097415
0.014513047275097415
0.014709401311181595
0.016154636207567984
0.015513919407737211
0.017862817899011365
0.017572897615589018
0.014513047275097415
0.016446211494218734
0.016446211494218734
0.014513047275097415
0.017572897615589018
0.017862817899011365
0.017862817899011365
0.017572897615589018
0.014513047275097415
0.016446211494218734
0.016446211494218734
0.014513047275097415
0.017572897615589018
0.017862817899011365
0.015513919407737211
0.016154636207567984
0.014709401311181595
0.014513047275097415
0.014513047275097415
0.014709401311181595
0.016154636207567984
0.015513919407737211
0.013175357823183232
0.013187357215091813
0.016154636207567984
0.017572897615589018
0.017572897615589018
0.016154636207567984
0.013187357215091813
0.013175357823183232
0.0160716775231354
0.013175357823183232
0.015513919407737211
0.017862817899011365
0.017862817899011365
0.015513919407737211
0.013175357823183232
0.0160716775231354
0.01617041440631468
0.0135513107679072
0.015641884999133684
0.017655173798216763
0.017655173798216763
0.015641884999133684
0.0135513107679072
0.01617041440631468
0.0135513107679072
0.01252591131487313
0.01631476471104148
0.017731895122695702
0.017731895122695702
0.01631476471104148
0.01252591131487313
0.0135513107679072
0.015641884999133684
0.01631476471104148
0.014077868880112011
0.014823234517330225
0.014823234517330225
0.014077868880112011
0.01631476471104148
0.015641884999133684
0.017655173798216763
0.017731895122695702
0.014823234517330225
0.015789277566050048
0.015789277566050048
0.014823234517330225
0.017731895122695702
0.017655173798216763
0.017655173798216763
0.017731895122695702
0.014823234517330225
0.015789277566050048
0.015789277566050048
0.014823234517330225
0.017731895122695702
0.017655173798216763
0.015641884999133684
0.01631476471104148
0.014077868880112011
0.014823234517330225
0.014823234517330225
0.014077868880112011
0.01631476471104148
0.015641884999133684
0.0135513107679072
0.01252591131487313
0.01631476471104148
0.017731895122695702
0.017731895122695702
0.01631476471104148
0.01252591131487313
0.0135513107679072
0.01617041440631468
0.0135513107679072
0.015641884999133684
0.017655173798216763
0.017655173798216763
0.015641884999133684
0.0135513107679072
0.01617041440631468
0.01583750106448414
0.012942671789436233
0.015888203148875794
0.017597081145832985
0.017597081145832985
0.015888203148875794
0.012942671789436233
0.01583750106448414
0.012942671789436233
0.013459826554344995
0.01658819592281915
0.01721762062051011
0.01721762062051011
0.01658819592281915
0.013459826554344995
0.012942671789436233
0.015888203148875794
0.01658819592281915
0.01438969795387777
0.015227080114204004
0.015227080114204004
0.01438969795387777
0.01658819592281915
0.015888203148875794
0.017597081145832985
0.01721762062051011
0.015227080114204004
0.015391268943936574
0.015391268943936574
0.015227080114204004
0.01721762062051011
0.017597081145832985
0.017597081145832985
0.01721762062051011
0.015227080114204004
0.015391268943936574
0.015391268943936574
0.015227080114204004
0.01721762062051011
0.017597081145832985
0.015888203148875794
0.01658819592281915
0.01438969795387777
0.015227080114204004
0.015227080114204004
0.01438969795387777
0.01658819592281915
0.015888203148875794
0.012942671789436233
0.013459826554344995
0.01658819592281915
0.01721762062051011
0.01721762062051011
0.01658819592281915
0.013459826554344995
0.012942671789436233
0.01583750106448414
0.012942671789436233
0.015888203148875794
0.017597081145832985
0.017597081145832985
0.015888203148875794
0.012942671789436233
0.01583750106448414
0.016108998027925953
0.013158458467149784
0.016030600063626815
0.017311822810523632
0.017311822810523632
0.016030600063626815
0.013158458467149784
0.016108998027925953
0.013158458467149784
0.01433011461929002
0.016249931822093003
0.017060860240146497
0.017060860240146497
0.016249931822093003
0.01433011461929002
0.013158458467149784
0.016030600063626815
0.016249931822093003
0.014284697829651673
0.01529524856026292
0.01529524856026292
0.014284697829651673
0.016249931822093003
0.016030600063626815
0.017311822810523632
0.017060860240146497
0.01529524856026292
0.015062345595527082
0.015062345595527082
0.01529524856026292
0.017060860240146497
0.017311822810523632
0.017311822810523632
0.017060860240146497
0.01529524856026292
0.015062345595527082
0.015062345595527082
0.01529524856026292
0.017060860240146497
0.017311822810523632
0.016030600063626815
0.016249931822093003
0.014284697829651673
0.01529524856026292
0.01529524856026292
0.014284697829651673
0.016249931822093003
0.016030600063626815
0.013158458467149784
0.01433011461929002
0.016249931822093003
0.017060860240146497
0.017060860240146497
0.016249931822093003
0.01433011461929002
0.013158458467149784
0.016108998027925953
0.013158458467149784
0.016030600063626815
0.017311822810523632
0.017311822810523632
0.016030600063626815
0.013158458467149784
0.016108998027925953
0.016052901584374172
0.013114593898905218
0.015345030624467801
0.017137753534005342
0.017137753534005342
0.015345030624467801
0.013114593898905218
0.016052901584374172
0.013114593898905218
0.014946995538943469
0.016825810609503868
0.017430925443965423
0.017430925443965423
0.016825810609503868
0.014946995538943469
0.013114593898905218
0.015345030624467801
0.016825810609503868
0.013440454292085501
0.015406438460639998
0.015406438460639998
0.013440454292085501
0.016825810609503868
0.015345030624467801
0.017137753534005342
0.017430925443965423
0.015406438460639998
0.015038543441621558
0.015038543441621558
0.015406438460639998
0.017430925443965423
0.017137753534005342
0.017137753534005342
0.017430925443965423
0.015406438460639998
0.015038543441621558
0.015038543441621558
0.015406438460639998
0.017430925443965423
0.017137753534005342
0.015345030624467801
0.016825810609503868
0.013440454292085501
0.015406438460639998
0.015406438460639998
0.013440454292085501
0.016825810609503868
0.015345030624467801
0.013114593898905218
0.014946995538943469
0.016825810609503868
0.017430925443965423
0.017430925443965423
0.016825810609503868
0.014946995538943469
0.013114593898905218
0.016052901584374172
0.013114593898905218
0.015345030624467801
0.017137753534005342
0.017137753534005342
0.015345030624467801
0.013114593898905218
0.016052901584374172
0.01664493141749811
0.012971478628047697
0.015090333978383207
0.017104498300057606
0.017104498300057606
0.015090333978383207
0.012971478628047697
0.01664493141749811
0.012971478628047697
0.015259486349054338
0.016360649993436106
0.017443062555859517
0.017443062555859517
0.016360649993436106
0.015259486349054338
0.012971478628047697
0.015090333978383207
0.016360649993436106
0.01375149624379393
0.015611642759076002
0.015611642759076002
0.01375149624379393
0.016360649993436106
0.015090333978383207
0.017104498300057606
0.017443062555859517
0.015611642759076002
0.015180753559933358
0.015180753559933358
0.015611642759076002
0.017443062555859517
0.017104498300057606
0.017104498300057606
0.017443062555859517
0.015611642759076002
0.015180753559933358
0.015180753559933358
0.015611642759076002
0.017443062555859517
0.017104498300057606
0.015090333978383207
0.016360649993436106
0.01375149624379393
0.015611642759076002
0.015611642759076002
0.01375149624379393
0.016360649993436106
0.015090333978383207
0.012971478628047697
0.015259486349054338
0.016360649993436106
0.017443062555859517
0.017443062555859517
0.016360649993436106
0.015259486349054338
0.012971478628047697
0.01664493141749811
0.012971478628047697
0.015090333978383207
0.017104498300057606
0.017104498300057606
0.015090333978383207
0.012971478628047697
0.01664493141749811
0.016100273410369136
0.014549554817777212
0.01484045430659603
0.015658252224841112
0.015658252224841112
0.01484045430659603
0.014549554817777212
0.016100273410369136
0.014549554817777212
0.015336978563155418
0.014942875879621278
0.01782588200666042
0.01782588200666042
0.014942875879621278
0.015336978563155418
0.014549554817777212
0.01484045430659603
0.014942875879621278
0.01544109726998501
0.015332553602978654
0.015332553602978654
0.01544109726998501
0.014942875879621278
0.01484045430659603
0.015658252224841112
0.01782588200666042
0.015332553602978654
0.016822505079541056
0.016822505079541056
0.015332553602978654
0.01782588200666042
0.015658252224841112
0.015658252224841112
0.01782588200666042
0.015332553602978654
0.016822505079541056
0.016822505079541056
0.015332553602978654
0.01782588200666042
0.015658252224841112
0.01484045430659603
0.014942875879621278
0.01544109726998501
0.015332553602978654
0.015332553602978654
0.01544109726998501
0.014942875879621278
0.01484045430659603
0.014549554817777212
0.015336978563155418
0.014942875879621278
0.01782588200666042
0.01782588200666042
0.014942875879621278
0.015336978563155418
0.014549554817777212
0.016100273410369136
0.014549554817777212
0.01484045430659603
0.015658252224841112
0.015658252224841112
0.01484045430659603
0.014549554817777212
0.016100273410369136
0.01613434807709919
0.014429373712450138
0.014668439520849523
0.016142038744575385
0.016142038744575385
0.014668439520849523
0.014429373712450138
0.01613434807709919
0.014429373712450138
0.014938701161783616
0.015204316942459058
0.017274756517245752
0.017274756517245752
0.015204316942459058
0.014938701161783616
0.014429373712450138
0.014668439520849523
0.015204316942459058
0.015671550815655747
0.015366822505317297
0.015366822505317297
0.015671550815655747
0.015204316942459058
0.014668439520849523
0.016142038744575385
0.017274756517245752
0.015366822505317297
0.017083904059667167
0.017083904059667167
0.015366822505317297
0.017274756517245752
0.016142038744575385
0.016142038744575385
0.017274756517245752
0.015366822505317297
0.017083904059667167
0.017083904059667167
0.015366822505317297
0.017274756517245752
0.016142038744575385
0.014668439520849523
0.015204316942459058
0.015671550815655747
0.015366822505317297
0.015366822505317297
0.015671550815655747
0.015204316942459058
0.014668439520849523
0.014429373712450138
0.014938701161783616
0.015204316942459058
0.017274756517245752
0.017274756517245752
0.015204316942459058
0.014938701161783616
0.014429373712450138
0.01613434807709919
0.014429373712450138
0.014668439520849523
0.016142038744575385
0.016142038744575385
0.014668439520849523
0.014429373712450138
0.01613434807709919
0.01631952874976452
0.014638490162179222
0.01413694665059297
0.015688990155363357
0.015688990155363357
0.01413694665059297
0.014638490162179222
0.01631952874976452
0.014638490162179222
0.015587429790274785
0.01603044738523762
0.016955810498085054
0.016955810498085054
0.01603044738523762
0.015587429790274785
0.014638490162179222
0.01413694665059297
0.01603044738523762
0.015791880677198736
0.015467547784140615
0.015467547784140615
0.015791880677198736
0.01603044738523762
0.01413694665059297
0.015688990155363357
0.016955810498085054
0.015467547784140615
0.01646469551156433
0.01646469551156433
0.015467547784140615
0.016955810498085054
0.015688990155363357
0.015688990155363357
0.016955810498085054
0.015467547784140615
0.01646469551156433
0.01646469551156433
0.015467547784140615
0.016955810498085054
0.015688990155363357
0.01413694665059297
0.01603044738523762
0.015791880677198736
0.015467547784140615
0.015467547784140615
0.015791880677198736
0.01603044738523762
0.01413694665059297
0.014638490162179222
0.015587429790274785
0.01603044738523762
0.016955810498085054
0.016955810498085054
0.01603044738523762
0.015587429790274785
0.014638490162179222
0.01631952874976452
0.014638490162179222
0.01413694665059297
0.015688990155363357
0.015688990155363357
0.01413694665059297
0.014638490162179222
0.01631952874976452
0.017264913362550705
0.01470955206217319
0.013615244157349589
0.015416967505803597
0.015416967505803597
0.013615244157349589
0.01470955206217319
0.017264913362550705
0.01470955206217319
0.015463395745642093
0.016017433769498362
0.017173871444824018
0.017173871444824018
0.016017433769498362
0.015463395745642093
0.01470955206217319
0.013615244157349589
0.016017433769498362
0.015514189956598898
0.015480070531622358
0.015480070531622358
0.015514189956598898
0.016017433769498362
0.013615244157349589
0.015416967505803597
0.017173871444824018
0.015480070531622358
0.016931221992666078
0.016931221992666078
0.015480070531622358
0.017173871444824018
0.015416967505803597
0.015416967505803597
0.017173871444824018
0.015480070531622358
0.016931221992666078
0.016931221992666078
0.015480070531622358
0.017173871444824018
0.015416967505803597
0.013615244157349589
0.016017433769498362
0.015514189956598898
0.015480070531622358
0.015480070531622358
0.015514189956598898
0.016017433769498362
0.013615244157349589
0.01470955206217319
0.015463395745642093
0.016017433769498362
0.017173871444824018
0.017173871444824018
0.016017433769498362
0.015463395745642093
0.01470955206217319
0.017264913362550705
0.01470955206217319
0.013615244157349589
0.015416967505803597
0.015416967505803597
0.013615244157349589
0.01470955206217319
0.017264913362550705
0.014629172358738472
0.014632920799682553
0.014799405062038078
0.01781983815366432
0.01781983815366432
0.014799405062038078
0.014632920799682553
0.014629172358738472
0.014632920799682553
0.015490143402794625
0.013222231495919001
0.018714759688614926
0.018714759688614926
0.013222231495919001
0.015490143402794625
0.014632920799682553
0.014799405062038078
0.013222231495919001
0.01740420796797364
0.014803894758923011
0.014803894758923011
0.01740420796797364
0.013222231495919001
0.014799405062038078
0.01781983815366432
0.018714759688614926
0.014803894758923011
0.014490376352809496
0.014490376352809496
0.014803894758923011
0.018714759688614926
0.01781983815366432
0.01781983815366432
0.018714759688614926
0.014803894758923011
0.014490376352809496
0.014490376352809496
0.014803894758923011
0.018714759688614926
0.01781983815366432
0.014799405062038078
0.013222231495919001
0.01740420796797364
0.014803894758923011
0.014803894758923011
0.01740420796797364
0.013222231495919001
0.014799405062038078
0.014632920799682553
0.015490143402794625
0.013222231495919001
0.018714759688614926
0.018714759688614926
0.013222231495919001
0.015490143402794625
0.014632920799682553
0.014629172358738472
0.014632920799682553
0.014799405062038078
0.01781983815366432
0.01781983815366432
0.014799405062038078
0.014632920799682553
0.014629172358738472
0.014765375100005581
0.014622067104013847
0.015156965059797767
0.017312137816511055
0.017312137816511055
0.015156965059797767
0.014622067104013847
0.014765375100005581
0.014622067104013847
0.015249372675940464
0.0130846008717048
0.01891728452023451
0.01891728452023451
0.0130846008717048
0.015249372675940464
0.014622067104013847
0.015156965059797767
0.0130846008717048
0.017257988382870064
0.014797449624432732
0.014797449624432732
0.017257988382870064
0.0130846008717048
0.015156965059797767
0.017312137816511055
0.01891728452023451
0.014797449624432732
0.014946253847794458
0.014946253847794458
0.014797449624432732
0.01891728452023451
0.017312137816511055
0.017312137816511055
0.01891728452023451
0.014797449624432732
0.014946253847794458
0.014946253847794458
0.014797449624432732
0.01891728452023451
0.017312137816511055
0.015156965059797767
0.0130846008717048
0.017257988382870064
0.014797449624432732
0.014797449624432732
0.017257988382870064
0.0130846008717048
0.015156965059797767
0.014622067104013847
0.015249372675940464
0.0130846008717048
0.01891728452023451
0.01891728452023451
0.0130846008717048
0.015249372675940464
0.014622067104013847
0.014765375100005581
0.014622067104013847
0.015156965059797767
0.017312137816511055
0.017312137816511055
0.015156965059797767
0.014622067104013847
0.014765375100005581
0.014577139777841088
0.014894015496152125
0.015103153172848893
0.017364845917471963
0.017364845917471963
0.015103153172848893
0.014894015496152125
0.014577139777841088
0.014894015496152125
0.01577357275391549
0.013345611701063848
0.01897760242805988
0.01897760242805988
0.013345611701063848
0.01577357275391549
0.014894015496152125
0.015103153172848893
0.013345611701063848
0.016916761279986193
0.014000231517332281
0.014000231517332281
0.016916761279986193
0.013345611701063848
0.015103153172848893
0.017364845917471963
0.01897760242805988
0.014000231517332281
0.015361605722399285
0.015361605722399285
0.014000231517332281
0.01897760242805988
0.017364845917471963
0.017364845917471963
0.01897760242805988
0.014000231517332281
0.015361605722399285
0.015361605722399285
0.014000231517332281
0.01897760242805988
0.017364845917471963
0.015103153172848893
0.013345611701063848
0.016916761279986193
0.014000231517332281
0.014000231517332281
0.016916761279986193
0.013345611701063848
0.015103153172848893
0.014894015496152125
0.01577357275391549
0.013345611701063848
0.01897760242805988
0.01897760242805988
0.013345611701063848
0.01577357275391549
0.014894015496152125
0.014577139777841088
0.014894015496152125
0.015103153172848893
0.017364845917471963
0.017364845917471963
0.015103153172848893
0.014894015496152125
0.014577139777841088
0.013997657556243626
0.01646607160868378
0.013643229606505871
0.016201927133011038
0.016201927133011038
0.013643229606505871
0.01646607160868378
0.013997657556243626
0.01646607160868378
0.01653328100018451
0.017534179615407413
0.017521020039233226
0.017521020039233226
0.017534179615407413
0.01653328100018451
0.01646607160868378
0.013643229606505871
0.017534179615407413
0.013950711858697307
0.014952022749099791
0.014952022749099791
0.013950711858697307
0.017534179615407413
0.013643229606505871
0.016201927133011038
0.017521020039233226
0.014952022749099791
0.012881448080992317
0.012881448080992317
0.014952022749099791
0.017521020039233226
0.016201927133011038
0.016201927133011038
0.017521020039233226
0.014952022749099791
0.012881448080992317
0.012881448080992317
0.014952022749099791
0.017521020039233226
0.016201927133011038
0.013643229606505871
0.017534179615407413
0.013950711858697307
0.014952022749099791
0.014952022749099791
0.013950711858697307
0.017534179615407413
0.013643229606505871
0.01646607160868378
0.01653328100018451
0.017534179615407413
0.017521020039233226
0.017521020039233226
0.017534179615407413
0.01653328100018451
0.01646607160868378
0.013997657556243626
0.01646607160868378
0.013643229606505871
0.016201927133011038
0.016201927133011038
0.013643229606505871
0.01646607160868378
0.013997657556243626
0.014585322011216458
0.016170017812654827
0.013383226860772736
0.016087657417755655
0.016087657417755655
0.013383226860772736
0.016170017812654827
0.014585322011216458
0.016170017812654827
0.01735185049416376
0.016866563252725245
0.017579612666508187
0.017579612666508187
0.016866563252725245
0.01735185049416376
0.016170017812654827
0.013383226860772736
0.016866563252725245
0.013796061331188113
0.01518028058014719
0.01518028058014719
0.013796061331188113
0.016866563252725245
0.013383226860772736
0.016087657417755655
0.017579612666508187
0.01518028058014719
0.013732048982304028
0.013732048982304028
0.01518028058014719
0.017579612666508187
0.016087657417755655
0.016087657417755655
0.017579612666508187
0.01518028058014719
0.013732048982304028
0.013732048982304028
0.01518028058014719
0.017579612666508187
0.016087657417755655
0.013383226860772736
0.016866563252725245
0.013796061331188113
0.01518028058014719
0.01518028058014719
0.013796061331188113
0.016866563252725245
0.013383226860772736
0.016170017812654827
0.01735185049416376
0.016866563252725245
0.017579612666508187
0.017579612666508187
0.016866563252725245
0.01735185049416376
0.016170017812654827
0.014585322011216458
0.016170017812654827
0.013383226860772736
0.016087657417755655
0.016087657417755655
0.013383226860772736
0.016170017812654827
0.014585322011216458
0.015271655468528452
0.015570636036177437
0.013491956976350871
0.0159463360732209
0.0159463360732209
0.013491956976350871
0.015570636036177437
0.015271655468528452
0.015570636036177437
0.01773187048680912
0.01709938035488474
0.017433633046307677
0.017433633046307677
0.01709938035488474
0.01773187048680912
0.015570636036177437
0.013491956976350871
0.01709938035488474
0.013511262703951787
0.015312127660063759
0.015312127660063759
0.013511262703951787
0.01709938035488474
0.013491956976350871
0.0159463360732209
0.017433633046307677
0.015312127660063759
0.013777071046699892
0.013777071046699892
0.015312127660063759
0.017433633046307677
0.0159463360732209
0.0159463360732209
0.017433633046307677
0.015312127660063759
0.013777071046699892
0.013777071046699892
0.015312127660063759
0.017433633046307677
0.0159463360732209
0.013491956976350871
0.01709938035488474
0.013511262703951787
0.015312127660063759
0.015312127660063759
0.013511262703951787
0.01709938035488474
0.013491956976350871
0.015570636036177437
0.01773187048680912
0.01709938035488474
0.017433633046307677
0.017433633046307677
0.01709938035488474
0.01773187048680912
0.015570636036177437
0.015271655468528452
0.015570636036177437
0.013491956976350871
0.0159463360732209
0.0159463360732209
0.013491956976350871
0.015570636036177437
0.015271655468528452
0.01475198062882638
0.01593746546691636
0.014060811322984604
0.016014563722046047
0.016014563722046047
0.014060811322984604
0.01593746546691636
0.01475198062882638
0.01593746546691636
0.016784373502500706
0.017559866796672586
0.017263361343424696
0.017263361343424696
0.017559866796672586
0.016784373502500706
0.01593746546691636
0.014060811322984604
0.017559866796672586
0.013876050476416055
0.014691562788651436
0.014691562788651436
0.013876050476416055
0.017559866796672586
0.014060811322984604
0.016014563722046047
0.017263361343424696
0.014691562788651436
0.013532332510865417
0.013532332510865417
0.014691562788651436
0.017263361343424696
0.016014563722046047
0.016014563722046047
0.017263361343424696
0.014691562788651436
0.013532332510865417
0.013532332510865417
0.014691562788651436
0.017263361343424696
0.016014563722046047
0.014060811322984604
0.017559866796672586
0.013876050476416055
0.014691562788651436
0.014691562788651436
0.013876050476416055
0.017559866796672586
0.014060811322984604
0.01593746546691636
0.016784373502500706
0.017559866796672586
0.017263361343424696
0.017263361343424696
0.017559866796672586
0.016784373502500706
0.01593746546691636
0.01475198062882638
0.01593746546691636
0.014060811322984604
0.016014563722046047
0.016014563722046047
0.014060811322984604
0.01593746546691636
0.01475198062882638
0.014875471872867935
0.015739702087098233
0.014115880389758844
0.01604317661333171
0.01604317661333171
0.014115880389758844
0.015739702087098233
0.014875471872867935
0.015739702087098233
0.016440536893425343
0.017660336514891687
0.01713385703020504
0.01713385703020504
0.017660336514891687
0.016440536893425343
0.015739702087098233
0.014115880389758844
0.017660336514891687
0.01369496655844075
0.014869693516153077
0.014869693516153077
0.01369496655844075
0.017660336514891687
0.014115880389758844
0.01604317661333171
0.01713385703020504
0.014869693516153077
0.013863732372388804
0.013863732372388804
0.014869693516153077
0.01713385703020504
0.01604317661333171
0.01604317661333171
0.01713385703020504
0.014869693516153077
0.013863732372388804
0.013863732372388804
0.014869693516153077
0.01713385703020504
0.01604317661333171
0.014115880389758844
0.017660336514891687
0.01369496655844075
0.014869693516153077
0.014869693516153077
0.01369496655844075
0.017660336514891687
0.014115880389758844
0.015739702087098233
0.016440536893425343
0.017660336514891687
0.01713385703020504
0.01713385703020504
0.017660336514891687
0.016440536893425343
0.015739702087098233
0.014875471872867935
0.015739702087098233
0.014115880389758844
0.01604317661333171
0.01604317661333171
0.014115880389758844
0.015739702087098233
0.014875471872867935
0.01241698628567405
0.017655767975389928
0.016012725720934526
0.01736631579668789
0.01736631579668789
0.016012725720934526
0.017655767975389928
0.01241698628567405
0.017655767975389928
0.013076048046710784
0.01796600593327338
0.015637498899633468
0.015637498899633468
0.01796600593327338
0.013076048046710784
0.017655767975389928
0.016012725720934526
0.01796600593327338
0.013386451922112139
0.013128526754393586
0.013128526754393586
0.013386451922112139
0.01796600593327338
0.016012725720934526
0.01736631579668789
0.015637498899633468
0.013128526754393586
0.015586831584877461
0.015586831584877461
0.013128526754393586
0.015637498899633468
0.01736631579668789
0.01736631579668789
0.015637498899633468
0.013128526754393586
0.015586831584877461
0.015586831584877461
0.013128526754393586
0.015637498899633468
0.01736631579668789
0.016012725720934526
0.01796600593327338
0.013386451922112139
0.013128526754393586
0.013128526754393586
0.013386451922112139
0.01796600593327338
0.016012725720934526
0.017655767975389928
0.013076048046710784
0.01796600593327338
0.015637498899633468
0.015637498899633468
0.01796600593327338
0.013076048046710784
0.017655767975389928
0.01241698628567405
0.017655767975389928
0.016012725720934526
0.01736631579668789
0.01736631579668789
0.016012725720934526
0.017655767975389928
0.01241698628567405
0.01263567882660022
0.01720027026925523
0.015997548963658702
0.01684370703657543
0.01684370703657543
0.015997548963658702
0.01720027026925523
0.01263567882660022
0.01720027026925523
0.01369056384043667
0.0184918069597631
0.01557555163233956
0.01557555163233956
0.0184918069597631
0.01369056384043667
0.01720027026925523
0.015997548963658702
0.0184918069597631
0.013749972278245098
0.013232624376590436
0.013232624376590436
0.013749972278245098
0.0184918069597631
0.015997548963658702
0.01684370703657543
0.01557555163233956
0.013232624376590436
0.015240766578353082
0.015240766578353082
0.013232624376590436
0.01557555163233956
0.01684370703657543
0.01684370703657543
0.01557555163233956
0.013232624376590436
0.015240766578353082
0.015240766578353082
0.013232624376590436
0.01557555163233956
0.01684370703657543
0.015997548963658702
0.0184918069597631
0.013749972278245098
0.013232624376590436
0.013232624376590436
0.013749972278245098
0.0184918069597631
0.015997548963658702
0.01720027026925523
0.01369056384043667
0.0184918069597631
0.01557555163233956
0.01557555163233956
0.0184918069597631
0.01369056384043667
0.01720027026925523
0.01263567882660022
0.01720027026925523
0.015997548963658702
0.01684370703657543
0.01684370703657543
0.015997548963658702
0.01720027026925523
0.01263567882660022
0.013476243337190228
0.017279318035739025
0.016231505521865967
0.01686368512627887
0.01686368512627887
0.016231505521865967
0.017279318035739025
0.013476243337190228
0.017279318035739025
0.014056437538191722
0.018099445173153976
0.015449147629543735
0.015449147629543735
0.018099445173153976
0.014056437538191722
0.017279318035739025
0.016231505521865967
0.018099445173153976
0.013964786562818944
0.012692028111010266
0.012692028111010266
0.013964786562818944
0.018099445173153976
0.016231505521865967
0.01686368512627887
0.015449147629543735
0.012692028111010266
0.015272273366615425
0.015272273366615425
0.012692028111010266
0.015449147629543735
0.01686368512627887
0.01686368512627887
0.015449147629543735
0.012692028111010266
0.015272273366615425
0.015272273366615425
0.012692028111010266
0.015449147629543735
0.01686368512627887
0.016231505521865967
0.018099445173153976
0.013964786562818944
0.012692028111010266
0.012692028111010266
0.013964786562818944
0.018099445173153976
0.016231505521865967
0.017279318035739025
0.014056437538191722
0.018099445173153976
0.015449147629543735
0.015449147629543735
0.018099445173153976
0.014056437538191722
0.017279318035739025
0.013476243337190228
0.017279318035739025
0.016231505521865967
0.01686368512627887
0.01686368512627887
0.016231505521865967
0.017279318035739025
0.013476243337190228
0.013297706513826207
0.016923958813345834
0.016307105825383028
0.01683170306144139
0.01683170306144139
0.016307105825383028
0.016923958813345834
0.013297706513826207
0.016923958813345834
0.013884158545769654
0.018692994619649274
0.015609688564135618
0.015609688564135618
0.018692994619649274
0.013884158545769654
0.016923958813345834
0.016307105825383028
0.018692994619649274
0.013612343458834456
0.012533515241189355
0.012533515241189355
0.013612343458834456
0.018692994619649274
0.016307105825383028
0.01683170306144139
0.015609688564135618
0.012533515241189355
0.015407859231280645
0.015407859231280645
0.012533515241189355
0.015609688564135618
0.01683170306144139
0.01683170306144139
0.015609688564135618
0.012533515241189355
0.015407859231280645
0.015407859231280645
0.012533515241189355
0.015609688564135618
0.01683170306144139
0.016307105825383028
0.018692994619649274
0.013612343458834456
0.012533515241189355
0.012533515241189355
0.013612343458834456
0.018692994619649274
0.016307105825383028
0.016923958813345834
0.013884158545769654
0.018692994619649274
0.015609688564135618
0.015609688564135618
0.018692994619649274
0.013884158545769654
0.016923958813345834
0.013297706513826207
0.016923958813345834
0.016307105825383028
0.01683170306144139
0.01683170306144139
0.016307105825383028
0.016923958813345834
0.013297706513826207
0.01329490397556178
0.016654039365952125
0.015475535597017497
0.01669720461791172
0.01669720461791172
0.015475535597017497
0.016654039365952125
0.01329490397556178
0.016654039365952125
0.013550390771848289
0.01917686585354403
0.016166764711028788
0.016166764711028788
0.01917686585354403
0.013550390771848289
0.016654039365952125
0.015475535597017497
0.01917686585354403
0.013459181849218644
0.012921610533728188
0.012921610533728188
0.013459181849218644
0.01917686585354403
0.015475535597017497
0.01669720461791172
0.016166764711028788
0.012921610533728188
0.015511482045006603
0.015511482045006603
0.012921610533728188
0.016166764711028788
0.01669720461791172
0.01669720461791172
0.016166764711028788
0.012921610533728188
0.015511482045006603
0.015511482045006603
0.012921610533728188
0.016166764711028788
0.01669720461791172
0.015475535597017497
0.01917686585354403
0.013459181849218644
0.012921610533728188
0.012921610533728188
0.013459181849218644
0.01917686585354403
0.015475535597017497
0.016654039365952125
0.013550390771848289
0.01917686585354403
0.016166764711028788
0.016166764711028788
0.01917686585354403
0.013550390771848289
0.016654039365952125
0.01329490397556178
0.016654039365952125
0.015475535597017497
0.01669720461791172
0.01669720461791172
0.015475535597017497
0.016654039365952125
0.01329490397556178
0.013590556585208743
0.016282272489140753
0.015457397107733086
0.016216036088059837
0.016216036088059837
0.015457397107733086
0.016282272489140753
0.013590556585208743
0.016282272489140753
0.0133018024029126
0.019225584250115366
0.01653694687039748
0.01653694687039748
0.019225584250115366
0.0133018024029126
0.016282272489140753
0.015457397107733086
0.019225584250115366
0.013325913864215073
0.01348365776734899
0.01348365776734899
0.013325913864215073
0.019225584250115366
0.015457397107733086
0.016216036088059837
0.01653694687039748
0.01348365776734899
0.015377938002072556
0.015377938002072556
0.01348365776734899
0.01653694687039748
0.016216036088059837
0.016216036088059837
0.01653694687039748
0.01348365776734899
0.015377938002072556
0.015377938002072556
0.01348365776734899
0.01653694687039748
0.016216036088059837
0.015457397107733086
0.019225584250115366
0.013325913864215073
0.01348365776734899
0.01348365776734899
0.013325913864215073
0.019225584250115366
0.015457397107733086
0.016282272489140753
0.0133018024029126
0.019225584250115366
0.01653694687039748
0.01653694687039748
0.019225584250115366
0.0133018024029126
0.016282272489140753
0.013590556585208743
0.016282272489140753
0.015457397107733086
0.016216036088059837
0.016216036088059837
0.015457397107733086
0.016282272489140753
0.013590556585208743
0.01790404035630273
0.015028221049162719
0.014092568892947688
0.0128576019365956
0.0128576019365956
0.014092568892947688
0.015028221049162719
0.01790404035630273
0.015028221049162719
0.016445907368088833
0.014882060691486934
0.017343592982034604
0.017343592982034604
0.014882060691486934
0.016445907368088833
0.015028221049162719
0.014092568892947688
0.014882060691486934
0.01352121417843585
0.01898769701772392
0.01898769701772392
0.01352121417843585
0.014882060691486934
0.014092568892947688
0.0128576019365956
0.017343592982034604
0.01898769701772392
0.015745352957269663
0.015745352957269663
0.01898769701772392
0.017343592982034604
0.0128576019365956
0.0128576019365956
0.017343592982034604
0.01898769701772392
0.015745352957269663
0.015745352957269663
0.01898769701772392
0.017343592982034604
0.0128576019365956
0.014092568892947688
0.014882060691486934
0.01352121417843585
0.01898769701772392
0.01898769701772392
0.01352121417843585
0.014882060691486934
0.014092568892947688
0.015028221049162719
0.016445907368088833
0.014882060691486934
0.017343592982034604
0.017343592982034604
0.014882060691486934
0.016445907368088833
0.015028221049162719
0.01790404035630273
0.015028221049162719
0.014092568892947688
0.0128576019365956
0.0128576019365956
0.014092568892947688
0.015028221049162719
0.01790404035630273
0.01790528723011036
0.014998792264772083
0.014065158784999865
0.013498782000044746
0.013498782000044746
0.014065158784999865
0.014998792264772083
0.01790528723011036
0.014998792264772083
0.01666877646276328
0.014112031077089287
0.017225730798530934
0.017225730798530934
0.014112031077089287
0.01666877646276328
0.014998792264772083
0.014065158784999865
0.014112031077089287
0.013696769244368766
0.01936331364190211
0.01936331364190211
0.013696769244368766
0.014112031077089287
0.014065158784999865
0.013498782000044746
0.017225730798530934
0.01936331364190211
0.015201549928079558
0.015201549928079558
0.01936331364190211
0.017225730798530934
0.013498782000044746
0.013498782000044746
0.017225730798530934
0.01936331364190211
0.015201549928079558
0.015201549928079558
0.01936331364190211
0.017225730798530934
0.013498782000044746
0.014065158784999865
0.014112031077089287
0.013696769244368766
0.01936331364190211
0.01936331364190211
0.013696769244368766
0.014112031077089287
0.014065158784999865
0.014998792264772083
0.01666877646276328
0.014112031077089287
0.017225730798530934
0.017225730798530934
0.014112031077089287
0.01666877646276328
0.014998792264772083
0.01790528723011036
0.014998792264772083
0.014065158784999865
0.013498782000044746
0.013498782000044746
0.014065158784999865
0.014998792264772083
0.01790528723011036
0.017899116955085136
0.014723598373325077
0.013779873645489481
0.01319376105634306
0.01319376105634306
0.013779873645489481
0.014723598373325077
0.017899116955085136
0.014723598373325077
0.016681945590515623
0.014471162996267242
0.017484782679058772
0.017484782679058772
0.014471162996267242
0.016681945590515623
0.014723598373325077
0.013779873645489481
0.014471162996267242
0.014215635611074208
0.019307734936493886
0.019307734936493886
0.014215635611074208
0.014471162996267242
0.013779873645489481
0.01319376105634306
0.017484782679058772
0.019307734936493886
0.01528147446936995
0.01528147446936995
0.019307734936493886
0.017484782679058772
0.01319376105634306
0.01319376105634306
0.017484782679058772
0.019307734936493886
0.01528147446936995
0.01528147446936995
0.019307734936493886
0.017484782679058772
0.01319376105634306
0.013779873645489481
0.014471162996267242
0.014215635611074208
0.019307734936493886
0.019307734936493886
0.014215635611074208
0.014471162996267242
0.013779873645489481
0.014723598373325077
0.016681945590515623
0.014471162996267242
0.017484782679058772
0.017484782679058772
0.014471162996267242
0.016681945590515623
0.014723598373325077
0.017899116955085136
0.014723598373325077
0.013779873645489481
0.01319376105634306
0.01319376105634306
0.013779873645489481
0.014723598373325077
0.017899116955085136
0.01716625982028836
0.014356052311325983
0.013126282874550472
0.013865273540373682
0.013865273540373682
0.013126282874550472
0.014356052311325983
0.01716625982028836
0.014356052311325983
0.017165862573112357
0.014656899145645682
0.016800688064872955
0.016800688064872955
0.014656899145645682
0.017165862573112357
0.014356052311325983
0.013126282874550472
0.014656899145645682
0.014895663585135516
0.020082488223595506
0.020082488223595506
0.014895663585135516
0.014656899145645682
0.013126282874550472
0.013865273540373682
0.016800688064872955
0.020082488223595506
0.014996845700735235
0.014996845700735235
0.020082488223595506
0.016800688064872955
0.013865273540373682
0.013865273540373682
0.016800688064872955
0.020082488223595506
0.014996845700735235
0.014996845700735235
0.020082488223595506
0.016800688064872955
0.013865273540373682
0.013126282874550472
0.014656899145645682
0.014895663585135516
0.020082488223595506
0.020082488223595506
0.014895663585135516
0.014656899145645682
0.013126282874550472
0.014356052311325983
0.017165862573112357
0.014656899145645682
0.016800688064872955
0.016800688064872955
0.014656899145645682
0.017165862573112357
0.014356052311325983
0.01716625982028836
0.014356052311325983
0.013126282874550472
0.013865273540373682
0.013865273540373682
0.013126282874550472
0.014356052311325983
0.01716625982028836
0.016862686598333135
0.014046850247348813
0.012972603386294744
0.013793890696729823
0.013793890696729823
0.012972603386294744
0.014046850247348813
0.016862686598333135
0.014046850247348813
0.017307562172523445
0.015324288943490685
0.016825094963122005
0.016825094963122005
0.015324288943490685
0.017307562172523445
0.014046850247348813
0.012972603386294744
0.015324288943490685
0.01492870654410324
0.01975059244722019
0.01975059244722019
0.01492870654410324
0.015324288943490685
0.012972603386294744
0.013793890696729823
0.016825094963122005
0.01975059244722019
0.015474403316627677
0.015474403316627677
0.01975059244722019
0.016825094963122005
0.013793890696729823
0.013793890696729823
0.016825094963122005
0.01975059244722019
0.015474403316627677
0.015474403316627677
0.01975059244722019
0.016825094963122005
0.013793890696729823
0.012972603386294744
0.015324288943490685
0.01492870654410324
0.01975059244722019
0.01975059244722019
0.01492870654410324
0.015324288943490685
0.012972603386294744
0.014046850247348813
0.017307562172523445
0.015324288943490685
0.016825094963122005
0.016825094963122005
0.015324288943490685
0.017307562172523445
0.014046850247348813
0.016862686598333135
0.014046850247348813
0.012972603386294744
0.013793890696729823
0.013793890696729823
0.012972603386294744
0.014046850247348813
0.016862686598333135
0.016526683472217408
0.013643797884260234
0.013223452699132672
0.014172108187377876
0.014172108187377876
0.013223452699132672
0.013643797884260234
0.016526683472217408
0.013643797884260234
0.016513423433869388
0.01548418047902638
0.01675635740992485
0.01675635740992485
0.01548418047902638
0.016513423433869388
0.013643797884260234
0.013223452699132672
0.01548418047902638
0.015814989326869686
0.01953441926751255
0.01953441926751255
0.015814989326869686
0.01548418047902638
0.013223452699132672
0.014172108187377876
0.01675635740992485
0.01953441926751255
0.015516271912574408
0.015516271912574408
0.01953441926751255
0.01675635740992485
0.014172108187377876
0.014172108187377876
0.01675635740992485
0.01953441926751255
0.015516271912574408
0.015516271912574408
0.01953441926751255
0.01675635740992485
0.014172108187377876
0.013223452699132672
0.01548418047902638
0.015814989326869686
0.01953441926751255
0.01953441926751255
0.015814989326869686
0.01548418047902638
0.013223452699132672
0.013643797884260234
0.016513423433869388
0.01548418047902638
0.01675635740992485
0.01675635740992485
0.01548418047902638
0.016513423433869388
0.013643797884260234
0.016526683472217408
0.013643797884260234
0.013223452699132672
0.014172108187377876
0.014172108187377876
0.013223452699132672
0.013643797884260234
0.016526683472217408
0.016110673845527234
0.01382118555594285
0.013445121065500934
0.01470328872703284
0.01470328872703284
0.013445121065500934
0.01382118555594285
0.016110673845527234
0.01382118555594285
0.016004025486239176
0.014723844441193583
0.016933193880299163
0.016933193880299163
0.014723844441193583
0.016004025486239176
0.01382118555594285
0.013445121065500934
0.014723844441193583
0.01564447305085298
0.019547829541027816
0.019547829541027816
0.01564447305085298
0.014723844441193583
0.013445121065500934
0.01470328872703284
0.016933193880299163
0.019547829541027816
0.015891901195386256
0.015891901195386256
0.019547829541027816
0.016933193880299163
0.01470328872703284
0.01470328872703284
0.016933193880299163
0.019547829541027816
0.015891901195386256
0.015891901195386256
0.019547829541027816
0.016933193880299163
0.01470328872703284
0.013445121065500934
0.014723844441193583
0.01564447305085298
0.019547829541027816
0.019547829541027816
0.01564447305085298
0.014723844441193583
0.013445121065500934
0.01382118555594285
0.016004025486239176
0.014723844441193583
0.016933193880299163
0.016933193880299163
0.014723844441193583
0.016004025486239176
0.01382118555594285
0.016110673845527234
0.01382118555594285
0.013445121065500934
0.01470328872703284
0.01470328872703284
0.013445121065500934
0.01382118555594285
0.016110673845527234
0.01649915812204939
0.01475260001542084
0.012996885896792838
0.015191331197278174
0.015191331197278174
0.012996885896792838
0.01475260001542084
0.01649915812204939
0.01475260001542084
0.016128369777965015
0.014822745446257281
0.01639548783905669
0.01639548783905669
0.014822745446257281
0.016128369777965015
0.01475260001542084
0.012996885896792838
0.014822745446257281
0.014925903319705506
0.019445891571558894
0.019445891571558894
0.014925903319705506
0.014822745446257281
0.012996885896792838
0.015191331197278174
0.01639548783905669
0.019445891571558894
0.015236684847550664
0.015236684847550664
0.019445891571558894
0.01639548783905669
0.015191331197278174
0.015191331197278174
0.01639548783905669
0.019445891571558894
0.015236684847550664
0.015236684847550664
0.019445891571558894
0.01639548783905669
0.015191331197278174
0.012996885896792838
0.014822745446257281
0.014925903319705506
0.019445891571558894
0.019445891571558894
0.014925903319705506
0.014822745446257281
0.012996885896792838
0.01475260001542084
0.016128369777965015
0.014822745446257281
0.01639548783905669
0.01639548783905669
0.014822745446257281
0.016128369777965015
0.01475260001542084
0.01649915812204939
0.01475260001542084
0.012996885896792838
0.015191331197278174
0.015191331197278174
0.012996885896792838
0.01475260001542084
0.01649915812204939
0.016337722566743394
0.014130846583959966
0.01293023594675951
0.015294817658588113
0.015294817658588113
0.01293023594675951
0.014130846583959966
0.016337722566743394
0.014130846583959966
0.01610450154294621
0.015115640812702886
0.016785011989737992
0.016785011989737992
0.015115640812702886
0.01610450154294621
0.014130846583959966
0.01293023594675951
0.015115640812702886
0.015332478071876444
0.019204395350731866
0.019204395350731866
0.015332478071876444
0.015115640812702886
0.01293023594675951
0.015294817658588113
0.016785011989737992
0.019204395350731866
0.015303401133473287
0.015303401133473287
0.019204395350731866
0.016785011989737992
0.015294817658588113
0.015294817658588113
0.016785011989737992
0.019204395350731866
0.015303401133473287
0.015303401133473287
0.019204395350731866
0.016785011989737992
0.015294817658588113
0.01293023594675951
0.015115640812702886
0.015332478071876444
0.019204395350731866
0.019204395350731866
0.015332478071876444
0.015115640812702886
0.01293023594675951
0.014130846583959966
0.01610450154294621
0.015115640812702886
0.016785011989737992
0.016785011989737992
0.015115640812702886
0.01610450154294621
0.014130846583959966
0.016337722566743394
0.014130846583959966
0.01293023594675951
0.015294817658588113
0.015294817658588113
0.01293023594675951
0.014130846583959966
0.016337722566743394
0.016015611599685568
0.014816651191861489
0.012874068161447877
0.01527789872006291
0.01527789872006291
0.012874068161447877
0.014816651191861489
0.016015611599685568
0.014816651191861489
0.01620901961633652
0.015739241636084773
0.016635831602660946
0.016635831602660946
0.015739241636084773
0.01620901961633652
0.014816651191861489
0.012874068161447877
0.015739241636084773
0.01513920455468746
0.01860883422100904
0.01860883422100904
0.01513920455468746
0.015739241636084773
0.012874068161447877
0.01527789872006291
0.016635831602660946
0.01860883422100904
0.014731113163036366
0.014731113163036366
0.01860883422100904
0.016635831602660946
0.01527789872006291
0.01527789872006291
0.016635831602660946
0.01860883422100904
0.014731113163036366
0.014731113163036366
0.01860883422100904
0.016635831602660946
0.01527789872006291
0.012874068161447877
0.015739241636084773
0.01513920455468746
0.01860883422100904
0.01860883422100904
0.01513920455468746
0.015739241636084773
0.012874068161447877
0.014816651191861489
0.01620901961633652
0.015739241636084773
0.016635831602660946
0.016635831602660946
0.015739241636084773
0.01620901961633652
0.014816651191861489
0.016015611599685568
0.014816651191861489
0.012874068161447877
0.01527789872006291
0.01527789872006291
0.012874068161447877
0.014816651191861489
0.016015611599685568
0.01571570533587287
0.014965763139982883
0.013296963952062396
0.015925047943307586
0.015925047943307586
0.013296963952062396
0.014965763139982883
0.01571570533587287
0.014965763139982883
0.01607388937890408
0.015686034813864554
0.0163612394775463
0.0163612394775463
0.015686034813864554
0.01607388937890408
0.014965763139982883
0.013296963952062396
0.015686034813864554
0.015521791360105714
0.017961955980864114
0.017961955980864114
0.015521791360105714
0.015686034813864554
0.013296963952062396
0.015925047943307586
0.0163612394775463
0.017961955980864114
0.014294603309861703
0.014294603309861703
0.017961955980864114
0.0163612394775463
0.015925047943307586
0.015925047943307586
0.0163612394775463
0.017961955980864114
0.014294603309861703
0.014294603309861703
0.017961955980864114
0.0163612394775463
0.015925047943307586
0.013296963952062396
0.015686034813864554
0.015521791360105714
0.017961955980864114
0.017961955980864114
0.015521791360105714
0.015686034813864554
0.013296963952062396
0.014965763139982883
0.01607388937890408
0.015686034813864554
0.0163612394775463
0.0163612394775463
0.015686034813864554
0.01607388937890408
0.014965763139982883
0.01571570533587287
0.014965763139982883
0.013296963952062396
0.015925047943307586
0.015925047943307586
0.013296963952062396
0.014965763139982883
0.01571570533587287
0.015966328746871563
0.014077285024743157
0.013339788370981117
0.01579493568591156
0.01579493568591156
0.013339788370981117
0.014077285024743157
0.015966328746871563
0.014077285024743157
0.016408579895567713
0.015904646707881782
0.01586214304114175
0.01586214304114175
0.015904646707881782
0.016408579895567713
0.014077285024743157
0.013339788370981117
0.015904646707881782
0.01575504679669447
0.01887574197050928
0.01887574197050928
0.01575504679669447
0.015904646707881782
0.013339788370981117
0.01579493568591156
0.01586214304114175
0.01887574197050928
0.01416096295852898
0.01416096295852898
0.01887574197050928
0.01586214304114175
0.01579493568591156
0.01579493568591156
0.01586214304114175
0.01887574197050928
0.01416096295852898
0.01416096295852898
0.01887574197050928
0.01586214304114175
0.01579493568591156
0.013339788370981117
0.015904646707881782
0.01575504679669447
0.01887574197050928
0.01887574197050928
0.01575504679669447
0.015904646707881782
0.013339788370981117
0.014077285024743157
0.016408579895567713
0.015904646707881782
0.01586214304114175
0.01586214304114175
0.015904646707881782
0.016408579895567713
0.014077285024743157
0.015966328746871563
0.014077285024743157
0.013339788370981117
0.01579493568591156
0.01579493568591156
0.013339788370981117
0.014077285024743157
0.015966328746871563
0.015783096415992806
0.014206269077408996
0.013825511552726176
0.015067842351030506
0.015067842351030506
0.013825511552726176
0.014206269077408996
0.015783096415992806
0.014206269077408996
0.01630582473864432
0.01675267211133875
0.016107355206326678
0.016107355206326678
0.01675267211133875
0.01630582473864432
0.014206269077408996
0.013825511552726176
0.01675267211133875
0.016005167858513896
0.018388433878084726
0.018388433878084726
0.016005167858513896
0.01675267211133875
0.013825511552726176
0.015067842351030506
0.016107355206326678
0.018388433878084726
0.01320974263301733
0.01320974263301733
0.018388433878084726
0.016107355206326678
0.015067842351030506
0.015067842351030506
0.016107355206326678
0.018388433878084726
0.01320974263301733
0.01320974263301733
0.018388433878084726
0.016107355206326678
0.015067842351030506
0.013825511552726176
0.01675267211133875
0.016005167858513896
0.018388433878084726
0.018388433878084726
0.016005167858513896
0.01675267211133875
0.013825511552726176
0.014206269077408996
0.01630582473864432
0.01675267211133875
0.016107355206326678
0.016107355206326678
0.01675267211133875
0.01630582473864432
0.014206269077408996
0.015783096415992806
0.014206269077408996
0.013825511552726176
0.015067842351030506
0.015067842351030506
0.013825511552726176
0.014206269077408996
0.015783096415992806
0.016248901215098515
0.014650833954126016
0.0143218901168354
0.0152657674643339
0.0152657674643339
0.0143218901168354
0.014650833954126016
0.016248901215098515
0.014650833954126016
0.015626552634428036
0.016291763085158277
0.015542326715253796
0.015542326715253796
0.016291763085158277
0.015626552634428036
0.014650833954126016
0.0143218901168354
0.016291763085158277
0.016493513836804443
0.018471286647155558
0.018471286647155558
0.016493513836804443
0.016291763085158277
0.0143218901168354
0.0152657674643339
0.015542326715253796
0.018471286647155558
0.012543296347943121
0.012543296347943121
0.018471286647155558
0.015542326715253796
0.0152657674643339
0.0152657674643339
0.015542326715253796
0.018471286647155558
0.012543296347943121
0.012543296347943121
0.018471286647155558
0.015542326715253796
0.0152657674643339
0.0143218901168354
0.016291763085158277
0.016493513836804443
0.018471286647155558
0.018471286647155558
0.016493513836804443
0.016291763085158277
0.0143218901168354
0.014650833954126016
0.015626552634428036
0.016291763085158277
0.015542326715253796
0.015542326715253796
0.016291763085158277
0.015626552634428036
0.014650833954126016
0.016248901215098515
0.014650833954126016
0.0143218901168354
0.0152657674643339
0.0152657674643339
0.0143218901168354
0.014650833954126016
0.016248901215098515
0.01607208768902495
0.014790440567501392
0.013852353935639243
0.015926404183388886
0.015926404183388886
0.013852353935639243
0.014790440567501392
0.01607208768902495
0.014790440567501392
0.01502971425784896
0.016518243907030404
0.015547989579996474
0.015547989579996474
0.016518243907030404
0.01502971425784896
0.014790440567501392
0.013852353935639243
0.016518243907030404
0.01714815563125862
0.018151687301356346
0.018151687301356346
0.01714815563125862
0.016518243907030404
0.013852353935639243
0.015926404183388886
0.015547989579996474
0.018151687301356346
0.012175803472041934
0.012175803472041934
0.018151687301356346
0.015547989579996474
0.015926404183388886
0.015926404183388886
0.015547989579996474
0.018151687301356346
0.012175803472041934
0.012175803472041934
0.018151687301356346
0.015547989579996474
0.015926404183388886
0.013852353935639243
0.016518243907030404
0.01714815563125862
0.018151687301356346
0.018151687301356346
0.01714815563125862
0.016518243907030404
0.013852353935639243
0.014790440567501392
0.01502971425784896
0.016518243907030404
0.015547989579996474
0.015547989579996474
0.016518243907030404
0.01502971425784896
0.014790440567501392
0.01607208768902495
0.014790440567501392
0.013852353935639243
0.015926404183388886
0.015926404183388886
0.013852353935639243
0.014790440567501392
0.01607208768902495
